127.0.0.1: 1337
WORLD:1920.0:1067.0
PROJECTOR2:1024:768:1280:0
VERTICES=18
0 322.000 218.000 1.875007 0.000000 1.000000
1 368.250 191.500 87.120538 0.000000 1.000000
2 414.500 165.000 172.366076 0.000000 1.000000
3 463.250 155.500 257.611599 0.000000 1.000000
4 512.000 146.000 342.857151 0.000000 1.000000
5 564.000 155.500 428.571424 0.000000 1.000000
6 616.000 165.000 514.285698 0.000000 1.000000
7 665.500 191.000 600.000000 0.000000 1.000000
8 715.000 218.000 685.714302 0.000000 1.000000
9 307.000 681.000 1.875008 1067.000000 1.000000
10 351.750 713.750 87.120545 1067.000000 1.000000
11 396.500 746.500 172.366076 1067.000000 1.000000
12 454.250 757.250 257.611599 1067.000000 1.000000
13 512.000 768.000 342.857151 1067.000000 1.000000
14 573.000 752.750 428.571424 1067.000000 1.000000
15 634.000 737.500 514.285698 1067.000000 1.000000
16 695.000 722.250 600.000000 1067.000000 1.000000
17 756.000 707.000 685.714302 1067.000000 1.000000
TRIANGLES=16
0 0 9 10
1 1 0 10
2 1 10 11
3 2 1 11
4 2 11 12
5 3 2 12
6 3 12 13
7 4 3 13
8 4 13 14
9 5 4 14
10 5 14 15
11 6 5 15
12 6 15 16
13 7 6 16
14 7 16 17
15 8 7 17
