127.0.0.1: 1337
WORLD:1024.0:1024.0
PROJECTOR2:1024:768:1280:0
VERTICES=153
0 331.000 246.000 0.000000 0.000000 1.000000
1 344.313 225.375 23.437500 0.000000 1.000000
2 359.625 207.750 46.875000 0.000000 1.000000
3 386.938 195.125 70.312500 0.000000 1.000000
4 406.250 184.500 93.750000 0.000000 1.000000
5 431.563 176.625 117.187500 0.000000 1.000000
6 460.875 171.750 140.625000 0.000000 1.000000
7 488.188 165.375 164.062500 0.000000 1.000000
8 507.000 163.000 187.500000 0.000000 1.000000
9 537.813 167.375 210.937500 0.000000 1.000000
10 553.125 169.750 234.375000 0.000000 1.000000
11 570.438 174.125 257.812500 0.000000 1.000000
12 585.750 180.500 281.250000 0.000000 1.000000
13 606.063 191.125 304.687500 0.000000 1.000000
14 629.375 204.750 328.125000 0.000000 1.000000
15 646.688 219.875 351.562500 0.000000 1.000000
16 663.000 244.000 353.103424 0.000000 1.000000
17 309.000 275.375 0.000000 88.333946 1.000000
18 324.664 264.906 23.437500 88.333946 1.000000
19 342.328 259.438 46.875000 88.333946 1.000000
20 371.992 250.344 70.312500 88.333946 1.000000
21 393.656 243.250 93.750000 88.333946 1.000000
22 423.320 237.625 117.187500 88.333946 1.000000
23 455.984 235.000 140.625000 88.333946 1.000000
24 484.648 231.937 164.062500 88.333946 1.000000
25 508.417 231.875 187.500000 88.333946 1.000000
26 533.977 233.250 210.937500 88.333946 1.000000
27 557.641 235.625 234.375000 88.333946 1.000000
28 578.305 241.813 257.812500 88.333946 1.000000
29 606.969 248.000 281.250000 88.333946 1.000000
30 620.633 252.157 304.687500 88.333946 1.000000
31 639.297 257.313 328.125000 88.333946 1.000000
32 656.961 262.594 351.562500 88.333946 1.000000
33 678.625 261.875 353.103424 88.333946 1.000000
34 290.000 311.751 0.000000 176.667892 1.000000
35 308.641 300.938 23.437500 176.667892 1.000000
36 329.281 294.125 46.875000 176.667892 1.000000
37 361.922 287.563 70.312500 176.667892 1.000000
38 386.563 282.000 93.750000 176.667892 1.000000
39 417.203 277.125 117.187500 176.667892 1.000000
40 454.844 273.250 140.625000 176.667892 1.000000
41 481.484 271.000 164.062500 176.667892 1.000000
42 510.928 270.750 187.500000 176.667892 1.000000
43 541.766 273.125 210.937500 176.667892 1.000000
44 562.406 277.500 234.375000 176.667892 1.000000
45 586.047 282.500 257.812500 176.667892 1.000000
46 608.688 289.500 281.250000 176.667892 1.000000
47 628.328 296.688 304.687500 176.667892 1.000000
48 649.969 300.876 328.125000 176.667892 1.000000
49 670.609 309.314 351.562500 176.667892 1.000000
50 704.250 326.751 353.103424 176.667892 1.000000
51 273.000 373.126 0.000000 265.001831 1.000000
52 291.430 364.159 23.437500 265.001831 1.000000
53 313.859 358.194 46.875000 265.001831 1.000000
54 348.289 354.215 70.312500 265.001831 1.000000
55 374.719 350.237 93.750000 265.001831 1.000000
56 407.148 348.262 117.187500 265.001831 1.000000
57 453.578 346.287 140.625000 265.001831 1.000000
58 481.008 343.335 164.062500 265.001831 1.000000
59 513.540 342.379 187.500000 265.001831 1.000000
60 539.867 345.417 210.937500 265.001831 1.000000
61 563.297 347.452 234.375000 265.001831 1.000000
62 589.727 353.474 257.812500 265.001831 1.000000
63 611.156 356.496 281.250000 265.001831 1.000000
64 638.586 359.536 304.687500 265.001831 1.000000
65 658.016 362.576 328.125000 265.001831 1.000000
66 685.445 367.601 351.562500 265.001831 1.000000
67 715.875 378.626 375.000000 265.001831 1.000000
68 270.000 400.501 0.000000 353.335785 1.000000
69 291.281 415.001 23.437500 353.335785 1.000000
70 318.563 427.501 46.875000 353.335785 1.000000
71 345.844 438.001 70.312500 353.335785 1.000000
72 373.125 441.501 93.750000 353.335785 1.000000
73 410.406 447.126 117.187500 353.335785 1.000000
74 449.688 450.751 140.625000 353.335785 1.000000
75 481.969 449.126 164.062500 353.335785 1.000000
76 516.716 448.501 187.500000 353.335785 1.000000
77 542.531 450.876 210.937500 353.335785 1.000000
78 565.813 452.251 234.375000 353.335785 1.000000
79 594.094 449.876 257.812500 353.335785 1.000000
80 618.375 445.501 281.250000 353.335785 1.000000
81 646.656 443.251 304.687500 353.335785 1.000000
82 666.938 442.001 328.125000 353.335785 1.000000
83 695.219 437.751 351.562500 353.335785 1.000000
84 723.500 427.501 375.000000 353.335785 1.000000
85 273.500 457.877 0.000000 441.669678 1.000000
86 292.414 479.533 23.437500 441.669678 1.000000
87 315.328 491.188 46.875000 441.669678 1.000000
88 350.242 497.219 70.312500 441.669678 1.000000
89 377.156 500.250 93.750000 441.669678 1.000000
90 412.070 504.125 117.187500 441.669678 1.000000
91 449.984 506.000 140.625000 441.669678 1.000000
92 484.898 507.188 164.062500 441.669678 1.000000
93 519.482 505.375 187.500000 441.669678 1.000000
94 548.727 506.750 210.937500 441.669678 1.000000
95 571.641 508.125 234.375000 441.669678 1.000000
96 598.555 505.563 257.812500 441.669678 1.000000
97 626.469 499.000 281.250000 441.669678 1.000000
98 653.383 490.282 304.687500 441.669678 1.000000
99 681.297 481.564 328.125000 441.669678 1.000000
100 694.211 477.470 351.562500 441.669678 1.000000
101 724.125 460.377 375.000000 441.669678 1.000000
102 285.000 502.252 0.000000 530.003662 1.000000
103 302.859 527.064 23.437500 530.003662 1.000000
104 324.719 540.876 46.875000 530.003662 1.000000
105 358.578 556.438 70.312500 530.003662 1.000000
106 384.438 564.001 93.750000 530.003662 1.000000
107 416.297 572.126 117.187500 530.003662 1.000000
108 451.156 576.251 140.625000 530.003662 1.000000
109 490.016 579.251 164.062500 530.003662 1.000000
110 522.285 580.251 187.500000 530.003662 1.000000
111 553.734 579.626 210.937500 530.003662 1.000000
112 576.594 577.001 234.375000 530.003662 1.000000
113 599.453 573.751 257.812500 530.003662 1.000000
114 619.313 568.501 281.250000 530.003662 1.000000
115 646.172 562.813 304.687500 530.003662 1.000000
116 665.031 557.126 328.125000 530.003662 1.000000
117 691.891 548.689 351.562500 530.003662 1.000000
118 719.750 533.252 375.000000 530.003662 1.000000
119 309.000 551.627 0.000000 618.337585 1.000000
120 332.711 569.596 23.437500 618.337585 1.000000
121 354.422 586.564 46.875000 618.337585 1.000000
122 377.133 600.158 70.312500 618.337585 1.000000
123 400.844 606.751 93.750000 618.337585 1.000000
124 420.555 613.626 117.187500 618.337585 1.000000
125 452.266 620.501 140.625000 618.337585 1.000000
126 486.977 623.313 164.062500 618.337585 1.000000
127 523.739 622.126 187.500000 618.337585 1.000000
128 550.398 622.501 210.937500 618.337585 1.000000
129 573.109 619.876 234.375000 618.337585 1.000000
130 593.820 617.438 257.812500 618.337585 1.000000
131 618.531 612.001 281.250000 618.337585 1.000000
132 643.242 606.345 304.687500 618.337585 1.000000
133 663.953 598.689 328.125000 618.337585 1.000000
134 688.664 585.908 351.562500 618.337585 1.000000
135 708.375 567.127 375.000000 618.337585 1.000000
136 335.000 587.003 0.000000 706.671570 1.000000
137 351.688 604.128 23.437500 706.671570 1.000000
138 374.375 617.252 46.875000 706.671570 1.000000
139 397.063 633.377 70.312500 706.671570 1.000000
140 417.750 643.502 93.750000 706.671570 1.000000
141 442.438 651.627 117.187500 706.671570 1.000000
142 456.125 659.752 140.625000 706.671570 1.000000
143 492.000 661.877 164.062500 706.671570 1.000000
144 524.500 662.002 187.500000 706.671570 1.000000
145 549.188 662.877 210.937500 706.671570 1.000000
146 566.875 660.752 234.375000 706.671570 1.000000
147 587.563 654.627 257.812500 706.671570 1.000000
148 608.250 647.502 281.250000 706.671570 1.000000
149 629.938 638.377 304.687500 706.671570 1.000000
150 645.625 630.252 328.125000 706.671570 1.000000
151 665.313 614.127 351.562500 706.671570 1.000000
152 687.000 596.003 375.000000 706.671570 1.000000
TRIANGLES=256
0 0 17 18
1 1 0 18
2 1 18 19
3 2 1 19
4 2 19 20
5 3 2 20
6 3 20 21
7 4 3 21
8 4 21 22
9 5 4 22
10 5 22 23
11 6 5 23
12 6 23 24
13 7 6 24
14 7 24 25
15 8 7 25
16 8 25 26
17 9 8 26
18 9 26 27
19 10 9 27
20 10 27 28
21 11 10 28
22 11 28 29
23 12 11 29
24 12 29 30
25 13 12 30
26 13 30 31
27 14 13 31
28 14 31 32
29 15 14 32
30 15 32 33
31 16 15 33
32 17 34 35
33 18 17 35
34 18 35 36
35 19 18 36
36 19 36 37
37 20 19 37
38 20 37 38
39 21 20 38
40 21 38 39
41 22 21 39
42 22 39 40
43 23 22 40
44 23 40 41
45 24 23 41
46 24 41 42
47 25 24 42
48 25 42 43
49 26 25 43
50 26 43 44
51 27 26 44
52 27 44 45
53 28 27 45
54 28 45 46
55 29 28 46
56 29 46 47
57 30 29 47
58 30 47 48
59 31 30 48
60 31 48 49
61 32 31 49
62 32 49 50
63 33 32 50
64 34 51 52
65 35 34 52
66 35 52 53
67 36 35 53
68 36 53 54
69 37 36 54
70 37 54 55
71 38 37 55
72 38 55 56
73 39 38 56
74 39 56 57
75 40 39 57
76 40 57 58
77 41 40 58
78 41 58 59
79 42 41 59
80 42 59 60
81 43 42 60
82 43 60 61
83 44 43 61
84 44 61 62
85 45 44 62
86 45 62 63
87 46 45 63
88 46 63 64
89 47 46 64
90 47 64 65
91 48 47 65
92 48 65 66
93 49 48 66
94 49 66 67
95 50 49 67
96 51 68 69
97 52 51 69
98 52 69 70
99 53 52 70
100 53 70 71
101 54 53 71
102 54 71 72
103 55 54 72
104 55 72 73
105 56 55 73
106 56 73 74
107 57 56 74
108 57 74 75
109 58 57 75
110 58 75 76
111 59 58 76
112 59 76 77
113 60 59 77
114 60 77 78
115 61 60 78
116 61 78 79
117 62 61 79
118 62 79 80
119 63 62 80
120 63 80 81
121 64 63 81
122 64 81 82
123 65 64 82
124 65 82 83
125 66 65 83
126 66 83 84
127 67 66 84
128 68 85 86
129 69 68 86
130 69 86 87
131 70 69 87
132 70 87 88
133 71 70 88
134 71 88 89
135 72 71 89
136 72 89 90
137 73 72 90
138 73 90 91
139 74 73 91
140 74 91 92
141 75 74 92
142 75 92 93
143 76 75 93
144 76 93 94
145 77 76 94
146 77 94 95
147 78 77 95
148 78 95 96
149 79 78 96
150 79 96 97
151 80 79 97
152 80 97 98
153 81 80 98
154 81 98 99
155 82 81 99
156 82 99 100
157 83 82 100
158 83 100 101
159 84 83 101
160 85 102 103
161 86 85 103
162 86 103 104
163 87 86 104
164 87 104 105
165 88 87 105
166 88 105 106
167 89 88 106
168 89 106 107
169 90 89 107
170 90 107 108
171 91 90 108
172 91 108 109
173 92 91 109
174 92 109 110
175 93 92 110
176 93 110 111
177 94 93 111
178 94 111 112
179 95 94 112
180 95 112 113
181 96 95 113
182 96 113 114
183 97 96 114
184 97 114 115
185 98 97 115
186 98 115 116
187 99 98 116
188 99 116 117
189 100 99 117
190 100 117 118
191 101 100 118
192 102 119 120
193 103 102 120
194 103 120 121
195 104 103 121
196 104 121 122
197 105 104 122
198 105 122 123
199 106 105 123
200 106 123 124
201 107 106 124
202 107 124 125
203 108 107 125
204 108 125 126
205 109 108 126
206 109 126 127
207 110 109 127
208 110 127 128
209 111 110 128
210 111 128 129
211 112 111 129
212 112 129 130
213 113 112 130
214 113 130 131
215 114 113 131
216 114 131 132
217 115 114 132
218 115 132 133
219 116 115 133
220 116 133 134
221 117 116 134
222 117 134 135
223 118 117 135
224 119 136 137
225 120 119 137
226 120 137 138
227 121 120 138
228 121 138 139
229 122 121 139
230 122 139 140
231 123 122 140
232 123 140 141
233 124 123 141
234 124 141 142
235 125 124 142
236 125 142 143
237 126 125 143
238 126 143 144
239 127 126 144
240 127 144 145
241 128 127 145
242 128 145 146
243 129 128 146
244 129 146 147
245 130 129 147
246 130 147 148
247 131 130 148
248 131 148 149
249 132 131 149
250 132 149 150
251 133 132 150
252 133 150 151
253 134 133 151
254 134 151 152
255 135 134 152
