127.0.0.1: 1339
WORLD:1024.0:1024.0
PROJECTOR0:1024:768:3328:0
VERTICES=15
0 153.600 198.400 670.896545 0.000000 1.000000
1 332.800 137.600 745.920044 0.000488 1.000000
2 505.600 112.000 841.946899 0.000977 1.000000
3 736.000 131.200 932.973755 0.001605 1.000000
4 844.800 224.000 1024.000000 0.002233 1.000001
5 0.000 384.000 670.896545 511.999420 1.000000
6 256.000 384.000 745.921326 512.000000 1.000000
7 512.000 384.000 841.947876 512.000610 1.000000
8 768.000 384.000 932.974365 512.001160 1.000001
9 899.200 358.400 1024.000000 512.001709 1.000001
10 0.000 768.000 670.896545 1023.998840 1.000000
11 256.000 768.000 745.922607 1023.999512 1.000000
12 512.000 768.000 841.948853 1024.000244 1.000001
13 768.000 768.000 932.975037 1024.000732 1.000001
14 1024.000 768.000 1024.000000 1024.001221 1.000001
TRIANGLES=16
0 0 5 6
1 1 0 6
2 1 6 7
3 2 1 7
4 2 7 8
5 3 2 8
6 3 8 9
7 4 3 9
8 5 10 11
9 6 5 11
10 6 11 12
11 7 6 12
12 7 12 13
13 8 7 13
14 8 13 14
15 9 8 14
