127.0.0.1: 1338
WORLD:1024.0:1024.0
PROJECTOR1:1024:768:2304:0
VERTICES=153
0 339.000 249.000 335.448273 0.006250 1.000000
1 363.125 227.375 347.937500 0.006250 1.000000
2 387.250 209.750 371.375000 0.006250 1.000000
3 411.375 197.125 394.812500 0.006250 1.000000
4 435.500 186.500 418.250000 0.006250 1.000000
5 459.625 178.625 441.687500 0.006250 1.000000
6 483.750 173.750 465.125000 0.006250 1.000000
7 507.875 168.375 488.562500 0.006250 1.000000
8 532.000 167.000 512.000000 0.006250 1.000000
9 556.125 170.375 535.437500 0.006250 1.000000
10 580.250 174.750 558.875000 0.006250 1.000000
11 604.375 180.125 582.312500 0.006250 1.000000
12 628.500 189.500 605.750000 0.006250 1.000000
13 652.625 204.125 629.187500 0.006250 1.000000
14 676.750 216.750 652.625000 0.006250 1.000000
15 700.875 233.875 676.062500 0.006250 1.000000
16 725.000 253.000 688.551697 0.006250 1.000000
17 315.547 282.375 335.448273 88.168068 1.000000
18 342.427 273.906 347.937500 88.168068 1.000000
19 369.307 262.438 371.375000 88.168068 1.000000
20 396.187 252.344 394.812500 88.167274 1.000000
21 423.066 241.250 418.250000 88.167305 1.000000
22 449.946 234.625 441.687500 88.167336 1.000000
23 476.826 228.000 465.125000 88.167366 1.000000
24 503.706 223.937 488.562500 88.167397 1.000000
25 530.586 218.875 512.000000 88.167427 1.000000
26 557.466 220.250 535.437500 88.168068 1.000000
27 584.346 224.625 558.875000 88.167488 1.000000
28 611.226 228.813 582.312500 88.168068 1.000000
29 638.105 237.000 605.750000 88.167549 1.000000
30 664.985 246.157 629.187500 88.168068 1.000000
31 691.865 261.313 652.625000 88.168068 1.000000
32 718.745 269.594 676.062500 88.168068 1.000000
33 745.625 277.875 688.551697 88.168068 1.000000
34 288.067 337.751 324.500000 176.335922 1.000000
35 318.328 342.938 347.937500 176.335922 1.000000
36 348.590 333.125 371.375000 176.335922 1.000000
37 378.851 325.563 394.812500 176.334488 1.000000
38 409.113 318.000 418.250000 176.334518 1.000000
39 439.374 314.125 441.687500 176.334549 1.000000
40 469.636 311.250 465.125000 176.334579 1.000000
41 499.897 309.000 488.562500 176.334610 1.000000
42 530.159 306.750 512.000000 176.334641 1.000000
43 560.420 311.125 535.437500 176.335922 1.000000
44 590.681 315.500 558.875000 176.334702 1.000000
45 620.943 321.500 582.312500 176.335922 1.000000
46 651.204 328.500 605.750000 176.334763 1.000000
47 681.466 335.688 629.187500 176.335922 1.000000
48 711.727 343.876 652.625000 176.335922 1.000000
49 741.989 352.314 676.062500 176.335922 1.000000
50 772.250 368.751 699.500000 176.335922 1.000000
51 277.120 370.126 324.500000 265.835846 1.000000
52 308.542 377.159 347.937500 265.835846 1.000000
53 339.964 371.194 371.375000 265.835846 1.000000
54 371.387 367.215 394.812500 265.835052 1.000000
55 402.809 363.237 418.250000 265.835083 1.000000
56 434.231 361.262 441.687500 265.835114 1.000000
57 465.653 359.287 465.125000 265.835144 1.000000
58 497.075 357.335 488.562500 265.835175 1.000000
59 528.497 356.379 512.000000 265.835205 1.000000
60 559.920 358.417 535.437500 265.835236 1.000000
61 591.342 360.452 558.875000 265.835266 1.000000
62 622.764 366.474 582.312500 265.835419 1.000000
63 654.186 369.496 605.750000 265.835327 1.000000
64 685.608 372.536 629.187500 265.835846 1.000000
65 717.031 375.576 652.625000 265.835846 1.000000
66 748.453 380.601 676.062500 265.835846 1.000000
67 779.875 391.626 699.500000 265.835846 1.000000
68 274.147 410.501 324.500000 354.003784 1.000000
69 297.481 420.001 347.937500 354.003784 1.000000
70 326.816 438.501 371.375000 354.003784 1.000000
71 360.150 460.001 394.812500 354.002197 1.000000
72 393.485 472.500 418.250000 354.002258 1.000000
73 426.820 472.125 441.687500 354.002319 1.000000
74 460.154 471.750 465.125000 354.002380 1.000000
75 493.489 471.125 488.562500 354.002441 1.000000
76 526.823 470.500 512.000000 354.002502 1.000000
77 560.158 471.875 535.437500 354.002563 1.000000
78 593.492 473.250 558.875000 354.002625 1.000000
79 626.827 470.875 582.312500 354.002899 1.000000
80 660.162 471.500 605.750000 354.002747 1.000000
81 697.496 471.250 629.187500 354.003784 1.000000
82 726.831 474.000 652.625000 354.003784 1.000000
83 760.165 472.750 676.062500 354.003784 1.000000
84 783.500 474.500 699.500000 354.003784 1.000000
85 279.500 492.876 324.500000 440.836914 1.000000
86 314.477 505.533 347.937500 440.836914 1.000000
87 335.453 517.188 371.375000 440.836914 1.000000
88 367.430 532.219 394.812500 440.836121 1.000000
89 399.406 537.250 418.250000 440.836151 1.000000
90 431.383 542.125 441.687500 440.836182 1.000000
91 463.359 545.000 465.125000 440.836212 1.000000
92 495.336 548.188 488.562500 440.836243 1.000000
93 527.313 548.375 512.000000 440.836273 1.000000
94 559.289 547.750 535.437500 440.836304 1.000000
95 591.266 545.125 558.875000 440.836334 1.000000
96 623.242 539.563 582.312500 440.836487 1.000000
97 655.219 535.000 605.750000 440.836395 1.000000
98 687.195 527.282 629.187500 440.836914 1.000000
99 719.172 511.564 652.625000 440.836914 1.000000
100 751.148 499.470 676.062500 440.836914 1.000000
101 780.125 489.377 699.500000 440.836914 1.000000
102 289.000 517.252 324.500000 530.338135 1.000000
103 315.359 552.064 347.937500 530.338135 1.000000
104 352.719 563.876 371.375000 530.338135 1.000000
105 382.078 577.438 394.812500 530.336548 1.000000
106 411.438 589.001 418.250000 530.336609 1.000000
107 440.797 595.126 441.687500 530.336670 1.000000
108 470.156 599.251 465.125000 530.336731 1.000000
109 499.516 603.251 488.562500 530.336792 1.000000
110 528.875 603.251 512.000000 530.336853 1.000000
111 558.234 602.626 535.437500 530.336914 1.000000
112 587.594 601.001 558.875000 530.336975 1.000000
113 616.953 595.751 582.312500 530.337280 1.000000
114 646.313 587.501 605.750000 530.337097 1.000000
115 675.672 579.813 629.187500 530.338135 1.000000
116 705.031 569.126 652.625000 530.338135 1.000000
117 743.391 548.689 676.062500 530.338135 1.000000
118 764.750 519.252 699.500000 530.338135 1.000000
119 334.000 594.627 324.500000 618.505310 1.000000
120 343.898 603.596 347.937500 618.505310 1.000000
121 373.797 619.564 371.375000 618.505310 1.000000
122 399.695 627.158 394.812500 618.503723 1.000000
123 425.594 633.751 418.250000 618.503784 1.000000
124 451.492 637.626 441.687500 618.503845 1.000000
125 477.391 642.501 465.125000 618.503906 1.000000
126 503.289 643.313 488.562500 618.503967 1.000000
127 529.188 644.126 512.000000 618.504028 1.000000
128 555.086 643.501 535.437500 618.504089 1.000000
129 580.984 640.876 558.875000 618.504150 1.000000
130 606.883 635.438 582.312500 618.504456 1.000000
131 632.781 628.001 605.750000 618.504272 1.000000
132 658.680 619.345 629.187500 618.505310 1.000000
133 684.578 607.689 652.625000 618.505310 1.000000
134 710.477 593.908 676.062500 618.505310 1.000000
135 734.375 581.127 699.500000 618.505310 1.000000
136 362.000 624.003 324.500000 706.671021 1.000000
137 383.000 639.128 347.937500 706.671021 1.000000
138 404.000 651.252 371.375000 706.671021 1.000000
139 425.000 663.377 394.812500 706.671021 1.000000
140 446.000 672.502 418.250000 706.671021 1.000000
141 467.000 679.627 441.687500 706.671021 1.000000
142 488.000 685.752 465.125000 706.671021 1.000000
143 509.000 689.877 488.562500 706.671021 1.000000
144 530.000 692.002 512.000000 706.671021 1.000000
145 551.000 691.877 535.437500 706.671021 1.000000
146 572.000 687.752 558.875000 706.671021 1.000000
147 593.000 679.627 582.312500 706.671021 1.000000
148 614.000 672.502 605.750000 706.671021 1.000000
149 635.000 663.377 629.187500 706.671021 1.000000
150 656.000 649.252 652.625000 706.671021 1.000000
151 677.000 634.127 676.062500 706.671021 1.000000
152 696.000 620.003 699.500000 706.671021 1.000000
TRIANGLES=256
0 0 17 18
1 1 0 18
2 1 18 19
3 2 1 19
4 2 19 20
5 3 2 20
6 3 20 21
7 4 3 21
8 4 21 22
9 5 4 22
10 5 22 23
11 6 5 23
12 6 23 24
13 7 6 24
14 7 24 25
15 8 7 25
16 8 25 26
17 9 8 26
18 9 26 27
19 10 9 27
20 10 27 28
21 11 10 28
22 11 28 29
23 12 11 29
24 12 29 30
25 13 12 30
26 13 30 31
27 14 13 31
28 14 31 32
29 15 14 32
30 15 32 33
31 16 15 33
32 17 34 35
33 18 17 35
34 18 35 36
35 19 18 36
36 19 36 37
37 20 19 37
38 20 37 38
39 21 20 38
40 21 38 39
41 22 21 39
42 22 39 40
43 23 22 40
44 23 40 41
45 24 23 41
46 24 41 42
47 25 24 42
48 25 42 43
49 26 25 43
50 26 43 44
51 27 26 44
52 27 44 45
53 28 27 45
54 28 45 46
55 29 28 46
56 29 46 47
57 30 29 47
58 30 47 48
59 31 30 48
60 31 48 49
61 32 31 49
62 32 49 50
63 33 32 50
64 34 51 52
65 35 34 52
66 35 52 53
67 36 35 53
68 36 53 54
69 37 36 54
70 37 54 55
71 38 37 55
72 38 55 56
73 39 38 56
74 39 56 57
75 40 39 57
76 40 57 58
77 41 40 58
78 41 58 59
79 42 41 59
80 42 59 60
81 43 42 60
82 43 60 61
83 44 43 61
84 44 61 62
85 45 44 62
86 45 62 63
87 46 45 63
88 46 63 64
89 47 46 64
90 47 64 65
91 48 47 65
92 48 65 66
93 49 48 66
94 49 66 67
95 50 49 67
96 51 68 69
97 52 51 69
98 52 69 70
99 53 52 70
100 53 70 71
101 54 53 71
102 54 71 72
103 55 54 72
104 55 72 73
105 56 55 73
106 56 73 74
107 57 56 74
108 57 74 75
109 58 57 75
110 58 75 76
111 59 58 76
112 59 76 77
113 60 59 77
114 60 77 78
115 61 60 78
116 61 78 79
117 62 61 79
118 62 79 80
119 63 62 80
120 63 80 81
121 64 63 81
122 64 81 82
123 65 64 82
124 65 82 83
125 66 65 83
126 66 83 84
127 67 66 84
128 68 85 86
129 69 68 86
130 69 86 87
131 70 69 87
132 70 87 88
133 71 70 88
134 71 88 89
135 72 71 89
136 72 89 90
137 73 72 90
138 73 90 91
139 74 73 91
140 74 91 92
141 75 74 92
142 75 92 93
143 76 75 93
144 76 93 94
145 77 76 94
146 77 94 95
147 78 77 95
148 78 95 96
149 79 78 96
150 79 96 97
151 80 79 97
152 80 97 98
153 81 80 98
154 81 98 99
155 82 81 99
156 82 99 100
157 83 82 100
158 83 100 101
159 84 83 101
160 85 102 103
161 86 85 103
162 86 103 104
163 87 86 104
164 87 104 105
165 88 87 105
166 88 105 106
167 89 88 106
168 89 106 107
169 90 89 107
170 90 107 108
171 91 90 108
172 91 108 109
173 92 91 109
174 92 109 110
175 93 92 110
176 93 110 111
177 94 93 111
178 94 111 112
179 95 94 112
180 95 112 113
181 96 95 113
182 96 113 114
183 97 96 114
184 97 114 115
185 98 97 115
186 98 115 116
187 99 98 116
188 99 116 117
189 100 99 117
190 100 117 118
191 101 100 118
192 102 119 120
193 103 102 120
194 103 120 121
195 104 103 121
196 104 121 122
197 105 104 122
198 105 122 123
199 106 105 123
200 106 123 124
201 107 106 124
202 107 124 125
203 108 107 125
204 108 125 126
205 109 108 126
206 109 126 127
207 110 109 127
208 110 127 128
209 111 110 128
210 111 128 129
211 112 111 129
212 112 129 130
213 113 112 130
214 113 130 131
215 114 113 131
216 114 131 132
217 115 114 132
218 115 132 133
219 116 115 133
220 116 133 134
221 117 116 134
222 117 134 135
223 118 117 135
224 119 136 137
225 120 119 137
226 120 137 138
227 121 120 138
228 121 138 139
229 122 121 139
230 122 139 140
231 123 122 140
232 123 140 141
233 124 123 141
234 124 141 142
235 125 124 142
236 125 142 143
237 126 125 143
238 126 143 144
239 127 126 144
240 127 144 145
241 128 127 145
242 128 145 146
243 129 128 146
244 129 146 147
245 130 129 147
246 130 147 148
247 131 130 148
248 131 148 149
249 132 131 149
250 132 149 150
251 133 132 150
252 133 150 151
253 134 133 151
254 134 151 152
255 135 134 152
