127.0.0.1: 1338
WORLD:720.0:720.0
PROJECTOR1:1024:768:2304:0
VERTICES=153
0 406.853 221.680 242.893274 0.004395 1.000000
1 423.122 212.000 251.379311 0.004395 1.000000
2 444.390 212.400 266.896555 0.938730 1.000000
3 451.658 212.125 282.413800 0.004395 1.000000
4 475.927 202.500 297.931044 0.004395 1.000000
5 489.195 198.625 313.448267 0.004377 1.000000
6 501.463 198.750 328.965511 0.004395 1.000000
7 519.732 193.375 344.482756 0.004395 1.000000
8 539.000 192.000 360.000000 0.004395 1.000000
9 556.125 195.375 375.517244 0.004395 1.000000
10 580.250 199.750 391.034489 0.004395 1.000000
11 604.375 205.125 406.551733 0.004395 1.000000
12 628.500 214.500 422.068977 0.004395 1.000000
13 652.625 229.125 437.586179 0.004395 1.000000
14 669.750 241.750 453.103423 0.004395 1.000000
15 700.875 258.875 468.620667 0.004395 1.000000
16 725.000 278.000 475.700412 0.004395 1.000000
17 404.467 236.440 235.862067 69.027556 1.000000
18 410.853 236.520 251.379311 69.027556 1.000000
19 432.067 249.600 266.896555 69.141979 1.000000
20 453.187 252.344 282.413800 69.027556 1.000000
21 468.066 258.250 297.931023 69.027556 1.000000
22 485.946 258.625 313.448267 69.027550 1.000000
23 503.826 258.000 328.965511 69.027556 1.000000
24 518.706 257.937 344.482756 69.027556 1.000000
25 537.586 258.875 360.000000 69.027556 1.000000
26 557.466 260.250 375.517244 69.027556 1.000000
27 584.346 260.625 391.034489 69.027556 1.000000
28 611.226 261.813 406.551733 69.027556 1.000000
29 638.105 261.000 422.068977 69.027556 1.000000
30 664.985 262.157 437.586179 69.027556 1.000000
31 687.865 265.313 453.103423 69.027556 1.000000
32 717.745 271.594 468.620667 69.027556 1.000000
33 732.625 279.875 484.137912 69.027556 1.000000
34 376.093 289.880 235.862067 138.050734 1.000000
35 385.160 302.080 251.379311 138.050734 1.000000
36 401.933 307.320 266.896555 138.048352 1.000000
37 412.120 316.480 282.413800 138.050734 1.000000
38 441.113 320.000 297.931023 138.050734 1.000000
39 459.374 322.125 313.448267 138.050723 1.000000
40 475.636 323.250 328.965511 138.050734 1.000000
41 501.897 325.000 344.482756 138.050734 1.000000
42 537.159 325.750 360.000000 138.050734 1.000000
43 560.420 322.125 375.517244 138.050734 1.000000
44 590.681 321.500 391.034489 138.050734 1.000000
45 620.943 321.500 406.551733 138.050734 1.000000
46 651.204 319.500 422.068977 138.050734 1.000000
47 681.466 320.688 437.586179 138.050734 1.000000
48 702.727 318.876 453.103423 138.050734 1.000000
49 741.989 316.314 468.620667 138.050734 1.000000
50 752.250 311.751 484.137912 138.050734 1.000000
51 343.800 330.600 235.862067 207.073896 1.000000
52 348.867 343.480 251.379311 207.073896 1.000000
53 380.667 361.480 266.896555 206.954720 1.000000
54 394.387 367.215 282.413800 207.073896 1.000000
55 408.809 371.237 297.931023 207.073896 1.000000
56 448.231 378.262 313.448267 207.073896 1.000000
57 468.653 380.287 328.965511 207.073896 1.000000
58 501.075 380.335 344.482756 207.073896 1.000000
59 535.497 380.379 360.000000 207.073896 1.000000
60 559.920 381.417 375.517244 207.073896 1.000000
61 591.342 381.452 391.034489 207.073896 1.000000
62 622.764 379.474 406.551733 207.073896 1.000000
63 654.186 378.496 422.068977 207.073896 1.000000
64 685.608 375.536 437.586179 207.073896 1.000000
65 709.031 371.576 453.103423 207.073896 1.000000
66 748.453 365.601 468.620667 207.073896 1.000000
67 767.875 358.626 484.137912 207.073896 1.000000
68 309.707 398.560 235.862067 276.097069 1.000000
69 330.507 419.200 251.379311 276.097069 1.000000
70 363.133 433.920 266.896555 276.097069 1.000000
71 384.150 439.002 282.413800 276.097069 1.000000
72 413.485 447.501 297.931023 276.097069 1.000000
73 441.820 450.126 313.448267 276.097069 1.000000
74 462.154 449.751 328.965511 276.097069 1.000000
75 496.489 451.126 344.482756 276.097069 1.000000
76 533.823 451.501 360.000000 276.097069 1.000000
77 560.158 451.876 375.517244 276.097069 1.000000
78 593.492 448.251 391.034489 276.097069 1.000000
79 626.827 444.876 406.551733 276.097069 1.000000
80 659.162 440.501 422.068977 276.097069 1.000000
81 697.496 434.251 437.586179 276.097069 1.000000
82 710.831 430.001 453.103423 276.097069 1.000000
83 760.165 416.751 468.620667 276.097069 1.000000
84 775.500 405.501 484.137912 276.097069 1.000000
85 305.500 467.877 235.862067 345.120242 1.000000
86 329.477 481.534 251.379311 345.120242 1.000000
87 356.453 493.189 266.896555 345.120242 1.000000
88 378.430 501.220 282.413800 345.120242 1.000000
89 409.406 508.251 297.931023 345.120242 1.000000
90 441.383 512.126 313.448267 345.120242 1.000000
91 463.359 515.001 328.965511 345.120242 1.000000
92 495.336 515.188 344.482756 345.120242 1.000000
93 534.313 515.376 360.000000 345.120242 1.000000
94 559.289 514.750 375.517244 345.120242 1.000000
95 591.266 512.125 391.034489 345.120242 1.000000
96 623.242 507.563 406.551733 345.120242 1.000000
97 655.219 502.000 422.068977 345.120242 1.000000
98 687.195 492.283 437.586179 345.120242 1.000000
99 711.172 479.564 453.103423 345.120242 1.000000
100 751.148 466.471 468.620667 345.120242 1.000000
101 778.125 445.378 484.137912 345.120242 1.000000
102 304.000 524.252 235.862067 414.143414 1.000000
103 324.359 541.065 251.379311 414.143414 1.000000
104 360.719 557.877 266.896555 413.673835 1.000000
105 382.078 566.439 282.413800 414.143414 1.000000
106 414.438 575.002 297.931023 414.143414 1.000000
107 441.797 579.127 313.448267 414.143414 1.000000
108 470.156 583.252 328.965511 414.143414 1.000000
109 499.516 583.252 344.482756 414.143414 1.000000
110 535.875 584.252 360.000000 414.143414 1.000000
111 558.234 583.627 375.517244 414.143414 1.000000
112 587.594 583.002 391.034489 414.143414 1.000000
113 616.953 578.752 406.551733 414.143414 1.000000
114 646.313 571.502 422.068977 414.143414 1.000000
115 675.672 562.814 437.586179 414.143414 1.000000
116 701.031 552.127 453.103423 414.143414 1.000000
117 743.391 530.690 468.620667 414.143414 1.000000
118 764.750 511.253 484.137912 414.143414 1.000000
119 320.000 572.628 235.862067 483.166566 1.000000
120 335.898 589.596 251.379311 483.166566 1.000000
121 373.797 610.565 266.896555 483.283381 1.000000
122 399.695 619.159 282.413800 483.166566 1.000000
123 421.594 624.752 297.931023 483.166566 1.000000
124 453.492 628.627 313.448267 483.166566 1.000000
125 472.391 636.502 328.965511 483.166566 1.000000
126 503.289 639.314 344.482756 483.166566 1.000000
127 536.188 639.127 360.000000 483.166566 1.000000
128 555.086 638.501 375.517244 483.166566 1.000000
129 580.984 634.876 391.034489 483.166566 1.000000
130 606.883 628.439 406.551733 483.166566 1.000000
131 632.781 622.002 422.068977 483.166566 1.000000
132 658.680 613.345 437.586179 483.166566 1.000000
133 676.578 604.689 453.103423 483.166566 1.000000
134 710.477 588.908 468.620667 483.166566 1.000000
135 736.375 569.128 484.137912 483.166566 1.000000
136 362.000 620.003 243.596442 552.189717 1.000000
137 386.000 639.128 251.379311 552.189717 1.000000
138 405.000 651.252 266.896555 552.189717 1.000000
139 423.000 660.377 282.413800 552.189717 1.000000
140 446.000 668.502 297.931023 552.189717 1.000000
141 473.000 677.627 313.448267 552.189803 1.000000
142 488.000 679.752 328.965511 552.189717 1.000000
143 509.000 682.877 344.482756 552.189717 1.000000
144 537.000 683.002 360.000000 552.189717 1.000000
145 554.667 681.600 375.517244 552.189717 1.000000
146 572.000 678.752 391.034489 552.189717 1.000000
147 597.000 672.627 406.551733 552.189717 1.000000
148 614.000 665.502 422.068977 552.189717 1.000000
149 635.000 656.377 437.586179 552.189717 1.000000
150 656.000 642.252 453.103423 552.189717 1.000000
151 677.000 628.127 468.620667 552.189717 1.000000
152 696.000 615.003 476.403537 552.189717 1.000000
TRIANGLES=256
0 0 17 18
1 1 0 18
2 1 18 19
3 2 1 19
4 2 19 20
5 3 2 20
6 3 20 21
7 4 3 21
8 4 21 22
9 5 4 22
10 5 22 23
11 6 5 23
12 6 23 24
13 7 6 24
14 7 24 25
15 8 7 25
16 8 25 26
17 9 8 26
18 9 26 27
19 10 9 27
20 10 27 28
21 11 10 28
22 11 28 29
23 12 11 29
24 12 29 30
25 13 12 30
26 13 30 31
27 14 13 31
28 14 31 32
29 15 14 32
30 15 32 33
31 16 15 33
32 17 34 35
33 18 17 35
34 18 35 36
35 19 18 36
36 19 36 37
37 20 19 37
38 20 37 38
39 21 20 38
40 21 38 39
41 22 21 39
42 22 39 40
43 23 22 40
44 23 40 41
45 24 23 41
46 24 41 42
47 25 24 42
48 25 42 43
49 26 25 43
50 26 43 44
51 27 26 44
52 27 44 45
53 28 27 45
54 28 45 46
55 29 28 46
56 29 46 47
57 30 29 47
58 30 47 48
59 31 30 48
60 31 48 49
61 32 31 49
62 32 49 50
63 33 32 50
64 34 51 52
65 35 34 52
66 35 52 53
67 36 35 53
68 36 53 54
69 37 36 54
70 37 54 55
71 38 37 55
72 38 55 56
73 39 38 56
74 39 56 57
75 40 39 57
76 40 57 58
77 41 40 58
78 41 58 59
79 42 41 59
80 42 59 60
81 43 42 60
82 43 60 61
83 44 43 61
84 44 61 62
85 45 44 62
86 45 62 63
87 46 45 63
88 46 63 64
89 47 46 64
90 47 64 65
91 48 47 65
92 48 65 66
93 49 48 66
94 49 66 67
95 50 49 67
96 51 68 69
97 52 51 69
98 52 69 70
99 53 52 70
100 53 70 71
101 54 53 71
102 54 71 72
103 55 54 72
104 55 72 73
105 56 55 73
106 56 73 74
107 57 56 74
108 57 74 75
109 58 57 75
110 58 75 76
111 59 58 76
112 59 76 77
113 60 59 77
114 60 77 78
115 61 60 78
116 61 78 79
117 62 61 79
118 62 79 80
119 63 62 80
120 63 80 81
121 64 63 81
122 64 81 82
123 65 64 82
124 65 82 83
125 66 65 83
126 66 83 84
127 67 66 84
128 68 85 86
129 69 68 86
130 69 86 87
131 70 69 87
132 70 87 88
133 71 70 88
134 71 88 89
135 72 71 89
136 72 89 90
137 73 72 90
138 73 90 91
139 74 73 91
140 74 91 92
141 75 74 92
142 75 92 93
143 76 75 93
144 76 93 94
145 77 76 94
146 77 94 95
147 78 77 95
148 78 95 96
149 79 78 96
150 79 96 97
151 80 79 97
152 80 97 98
153 81 80 98
154 81 98 99
155 82 81 99
156 82 99 100
157 83 82 100
158 83 100 101
159 84 83 101
160 85 102 103
161 86 85 103
162 86 103 104
163 87 86 104
164 87 104 105
165 88 87 105
166 88 105 106
167 89 88 106
168 89 106 107
169 90 89 107
170 90 107 108
171 91 90 108
172 91 108 109
173 92 91 109
174 92 109 110
175 93 92 110
176 93 110 111
177 94 93 111
178 94 111 112
179 95 94 112
180 95 112 113
181 96 95 113
182 96 113 114
183 97 96 114
184 97 114 115
185 98 97 115
186 98 115 116
187 99 98 116
188 99 116 117
189 100 99 117
190 100 117 118
191 101 100 118
192 102 119 120
193 103 102 120
194 103 120 121
195 104 103 121
196 104 121 122
197 105 104 122
198 105 122 123
199 106 105 123
200 106 123 124
201 107 106 124
202 107 124 125
203 108 107 125
204 108 125 126
205 109 108 126
206 109 126 127
207 110 109 127
208 110 127 128
209 111 110 128
210 111 128 129
211 112 111 129
212 112 129 130
213 113 112 130
214 113 130 131
215 114 113 131
216 114 131 132
217 115 114 132
218 115 132 133
219 116 115 133
220 116 133 134
221 117 116 134
222 117 134 135
223 118 117 135
224 119 136 137
225 120 119 137
226 120 137 138
227 121 120 138
228 121 138 139
229 122 121 139
230 122 139 140
231 123 122 140
232 123 140 141
233 124 123 141
234 124 141 142
235 125 124 142
236 125 142 143
237 126 125 143
238 126 143 144
239 127 126 144
240 127 144 145
241 128 127 145
242 128 145 146
243 129 128 146
244 129 146 147
245 130 129 147
246 130 147 148
247 131 130 148
248 131 148 149
249 132 131 149
250 132 149 150
251 133 132 150
252 133 150 151
253 134 133 151
254 134 151 152
255 135 134 152
