127.0.0.1: 1337
WORLD:1920.0:1066.0
PROJECTOR1:1024:768:1280:0
VERTICES=297
0 117.000 21.000 0.000000 0.000000 1.000000
1 235.125 21.000 88.506947 0.000000 1.000000
2 353.250 21.000 177.013893 0.000000 1.000000
3 449.375 21.000 265.520840 0.000000 1.000000
4 545.500 21.000 354.027786 0.000000 1.000000
5 566.625 28.000 442.534733 0.000000 1.000000
6 600.750 35.000 531.041679 0.000000 1.000000
7 665.875 57.000 619.548626 0.000000 1.000000
8 726.000 91.000 679.930573 0.000000 1.000000
9 117.000 42.375 0.000000 33.312500 1.000000
10 235.125 42.375 88.506947 33.312500 1.000000
11 353.250 42.375 177.013893 33.312500 1.000000
12 449.375 42.375 265.520840 33.312500 1.000000
13 545.500 42.375 354.027786 33.312500 1.000000
14 589.063 50.813 442.534733 33.312500 1.000000
15 634.625 59.750 531.041679 33.312500 1.000000
16 696.188 80.563 619.548626 33.312500 1.000000
17 746.000 110.875 682.930527 33.312500 1.000000
18 117.000 63.750 0.000000 66.625000 1.000000
19 235.125 63.750 88.506947 66.625000 1.000000
20 353.250 63.750 177.013893 66.625000 1.000000
21 449.375 63.750 265.520840 66.625000 1.000000
22 545.500 63.750 354.027786 66.625000 1.000000
23 605.500 73.625 442.534733 66.625000 1.000000
24 654.500 82.500 531.041679 66.625000 1.000000
25 720.500 104.125 619.548626 66.625000 1.000000
26 766.000 130.750 685.930481 66.625000 1.000000
27 117.000 85.125 0.000000 99.937500 1.000000
28 235.125 85.125 88.506947 99.937500 1.000000
29 353.250 85.125 177.013893 99.937500 1.000000
30 449.375 85.125 265.520840 99.937500 1.000000
31 545.500 85.125 354.027786 99.937500 1.000000
32 615.938 96.438 442.534733 99.937500 1.000000
33 670.375 107.250 531.041679 99.937500 1.000000
34 743.313 127.688 619.548626 99.937500 1.000000
35 786.000 150.625 688.930435 99.937500 1.000000
36 117.000 106.500 0.000000 133.250000 1.000000
37 235.125 106.500 88.506947 133.250000 1.000000
38 353.250 106.500 177.013893 133.250000 1.000000
39 449.375 106.500 265.520840 133.250000 1.000000
40 545.500 106.500 354.027786 133.250000 1.000000
41 626.375 119.250 442.534733 133.250000 1.000000
42 681.250 132.000 531.041679 133.250000 1.000000
43 760.125 151.250 619.548626 133.250000 1.000000
44 806.000 170.500 691.930389 133.250000 1.000000
45 117.000 127.875 0.000000 166.562500 1.000000
46 235.125 127.875 88.506947 166.562500 1.000000
47 353.250 127.875 177.013893 166.562500 1.000000
48 449.375 127.875 265.520840 166.562500 1.000000
49 545.500 127.875 354.027786 166.562500 1.000000
50 633.313 142.063 442.534733 166.562500 1.000000
51 689.125 156.250 531.041679 166.562500 1.000000
52 771.688 173.313 619.548626 166.562500 1.000000
53 817.250 190.375 699.930267 166.562500 1.000000
54 117.000 149.250 0.000000 199.875000 1.000000
55 235.125 149.250 88.506947 199.875000 1.000000
56 353.250 149.250 177.013893 199.875000 1.000000
57 449.375 149.250 265.520840 199.875000 1.000000
58 545.500 149.250 354.027786 199.875000 1.000000
59 640.250 164.875 442.534733 199.875000 1.000000
60 697.000 180.500 531.041679 199.875000 1.000000
61 783.250 195.375 619.548626 199.875000 1.000000
62 828.500 210.250 704.930191 199.875000 1.000000
63 117.000 170.625 0.000000 233.187500 1.000000
64 235.125 170.625 88.506947 233.187500 1.000000
65 353.250 170.625 177.013893 233.187500 1.000000
66 449.375 170.625 265.520840 233.187500 1.000000
67 545.500 170.625 354.027786 233.187500 1.000000
68 643.688 187.688 442.534733 233.187500 1.000000
69 703.875 204.750 531.041679 233.187500 1.000000
70 786.313 217.438 619.548626 233.187500 1.000000
71 839.750 230.125 709.930115 233.187500 1.000000
72 117.000 192.000 0.000000 266.500000 1.000000
73 235.125 192.000 88.506947 266.500000 1.000000
74 353.250 192.000 177.013893 266.500000 1.000000
75 449.375 192.000 265.520840 266.500000 1.000000
76 545.500 192.000 354.027786 266.500000 1.000000
77 647.125 210.500 442.534733 266.500000 1.000000
78 708.750 229.000 531.041679 266.500000 1.000000
79 789.375 239.500 619.548626 266.500000 1.000000
80 851.000 250.000 714.930038 266.500000 1.000000
81 117.000 216.000 0.000000 299.812500 1.000000
82 235.125 216.000 88.506947 299.812500 1.000000
83 353.250 216.000 177.013893 299.812500 1.000000
84 449.375 216.000 265.520840 299.812500 1.000000
85 545.500 216.000 354.027786 299.812500 1.000000
86 648.938 232.188 442.534733 299.812500 1.000000
87 711.625 248.375 531.041679 299.812500 1.000000
88 794.625 257.563 619.548626 299.812500 1.000000
89 855.375 266.750 719.929962 299.812500 1.000000
90 117.000 240.000 0.000000 333.125000 1.000000
91 235.125 240.000 88.506947 333.125000 1.000000
92 353.250 240.000 177.013893 333.125000 1.000000
93 449.375 240.000 265.520840 333.125000 1.000000
94 545.500 240.000 354.027786 333.125000 1.000000
95 650.750 253.875 442.534733 333.125000 1.000000
96 713.500 267.750 531.041679 333.125000 1.000000
97 799.875 275.625 619.548626 333.125000 1.000000
98 859.750 283.500 723.929901 333.125000 1.000000
99 117.000 264.000 0.000000 366.437500 1.000000
100 235.125 264.000 88.506947 366.437500 1.000000
101 353.250 264.000 177.013893 366.437500 1.000000
102 449.375 264.000 265.520840 366.437500 1.000000
103 545.500 264.000 354.027786 366.437500 1.000000
104 651.063 275.563 442.534733 366.437500 1.000000
105 715.375 287.125 531.041679 366.437500 1.000000
106 801.125 293.688 619.548626 366.437500 1.000000
107 864.125 300.250 729.929810 366.437500 1.000000
108 117.000 288.000 0.000000 399.750000 1.000000
109 235.125 288.000 88.506947 399.750000 1.000000
110 353.250 288.000 177.013893 399.750000 1.000000
111 449.375 288.000 265.520840 399.750000 1.000000
112 545.500 288.000 354.027786 399.750000 1.000000
113 651.375 297.250 442.534733 399.750000 1.000000
114 717.250 306.500 531.041679 399.750000 1.000000
115 802.375 311.750 619.548626 399.750000 1.000000
116 868.500 317.000 733.929749 399.750000 1.000000
117 117.000 312.000 0.000000 433.062500 1.000000
118 235.125 312.000 88.506947 433.062500 1.000000
119 353.250 312.000 177.013893 433.062500 1.000000
120 449.375 312.000 265.520840 433.062500 1.000000
121 545.500 312.000 354.027786 433.062500 1.000000
122 652.688 318.938 442.534733 433.062500 1.000000
123 717.625 325.875 531.041679 433.062500 1.000000
124 801.875 329.813 619.548626 433.062500 1.000000
125 870.625 333.750 737.929688 433.062500 1.000000
126 117.000 336.000 0.000000 466.375000 1.000000
127 235.125 336.000 88.506947 466.375000 1.000000
128 353.250 336.000 177.013893 466.375000 1.000000
129 449.375 336.000 265.520840 466.375000 1.000000
130 545.500 336.000 354.027786 466.375000 1.000000
131 654.000 340.625 442.534733 466.375000 1.000000
132 718.000 345.250 531.041679 466.375000 1.000000
133 801.375 347.875 619.548626 466.375000 1.000000
134 872.750 350.500 742.929611 466.375000 1.000000
135 117.000 360.000 0.000000 499.687500 1.000000
136 235.125 360.000 88.506947 499.687500 1.000000
137 353.250 360.000 177.013893 499.687500 1.000000
138 449.375 360.000 265.520840 499.687500 1.000000
139 545.500 360.000 354.027786 499.687500 1.000000
140 653.813 362.313 442.534733 499.687500 1.000000
141 718.375 364.625 531.041679 499.687500 1.000000
142 799.875 365.938 619.548626 499.687500 1.000000
143 874.875 367.250 749.929504 499.687500 1.000000
144 117.000 384.000 0.000000 533.000000 1.000000
145 235.125 384.000 88.506947 533.000000 1.000000
146 353.250 384.000 177.013893 533.000000 1.000000
147 449.375 384.000 265.520840 533.000000 1.000000
148 545.500 384.000 354.027786 533.000000 1.000000
149 653.625 384.000 442.534733 533.000000 1.000000
150 718.750 384.000 531.041679 533.000000 1.000000
151 798.375 384.000 619.548626 533.000000 1.000000
152 877.000 384.000 754.929428 533.000000 1.000000
153 117.000 408.000 0.000000 566.312500 1.000000
154 235.125 408.000 88.506947 566.312500 1.000000
155 353.250 408.000 177.013893 566.312500 1.000000
156 449.375 408.000 265.520840 566.312500 1.000000
157 545.500 408.000 354.027786 566.312500 1.000000
158 651.188 407.188 442.534733 566.312500 1.000000
159 717.125 406.375 531.041679 566.312500 1.000000
160 794.500 404.250 619.548626 566.312500 1.000000
161 876.875 402.125 679.930573 566.312500 1.000000
162 117.000 432.000 0.000000 599.625000 1.000000
163 235.125 432.000 88.506947 599.625000 1.000000
164 353.250 432.000 177.013893 599.625000 1.000000
165 449.375 432.000 265.520840 599.625000 1.000000
166 545.500 432.000 354.027786 599.625000 1.000000
167 648.750 430.375 442.534733 599.625000 1.000000
168 715.500 428.750 531.041679 599.625000 1.000000
169 790.625 424.500 619.548626 599.625000 1.000000
170 876.750 420.250 679.930573 599.625000 1.000000
171 117.000 456.000 0.000000 632.937500 1.000000
172 235.125 456.000 88.506947 632.937500 1.000000
173 353.250 456.000 177.013893 632.937500 1.000000
174 449.375 456.000 265.520840 632.937500 1.000000
175 545.500 456.000 354.027786 632.937500 1.000000
176 647.313 453.563 442.534733 632.937500 1.000000
177 710.875 451.125 531.041679 632.937500 1.000000
178 786.250 444.750 619.548626 632.937500 1.000000
179 872.625 438.375 679.930573 632.937500 1.000000
180 117.000 480.000 0.000000 666.250000 1.000000
181 235.125 480.000 88.506947 666.250000 1.000000
182 353.250 480.000 177.013893 666.250000 1.000000
183 449.375 480.000 265.520840 666.250000 1.000000
184 545.500 480.000 354.027786 666.250000 1.000000
185 645.875 476.750 442.534733 666.250000 1.000000
186 706.250 473.500 531.041679 666.250000 1.000000
187 781.875 465.000 619.548626 666.250000 1.000000
188 868.500 456.500 679.930573 666.250000 1.000000
189 117.000 504.000 0.000000 699.562500 1.000000
190 235.125 504.000 88.506947 699.562500 1.000000
191 353.250 504.000 177.013893 699.562500 1.000000
192 449.375 504.000 265.520840 699.562500 1.000000
193 545.500 504.000 354.027786 699.562500 1.000000
194 642.188 499.938 442.534733 699.562500 1.000000
195 702.625 495.875 531.041679 699.562500 1.000000
196 774.500 485.250 619.548626 699.562500 1.000000
197 865.125 474.625 679.930573 699.562500 1.000000
198 117.000 528.000 0.000000 732.875000 1.000000
199 235.125 528.000 88.506947 732.875000 1.000000
200 353.250 528.000 177.013893 732.875000 1.000000
201 449.375 528.000 265.520840 732.875000 1.000000
202 545.500 528.000 354.027786 732.875000 1.000000
203 638.500 523.125 442.534733 732.875000 1.000000
204 698.000 518.250 531.041679 732.875000 1.000000
205 767.125 505.500 619.548626 732.875000 1.000000
206 861.750 492.751 679.930573 732.875000 1.000000
207 117.000 552.000 0.000000 766.187500 1.000000
208 235.125 552.000 88.506947 766.187500 1.000000
209 353.250 552.000 177.013893 766.187500 1.000000
210 449.375 552.000 265.520840 766.187500 1.000000
211 545.500 552.000 354.027786 766.187500 1.000000
212 633.813 546.313 442.534733 766.187500 1.000000
213 692.375 540.625 531.041679 766.187500 1.000000
214 757.750 525.750 619.548626 766.187500 1.000000
215 856.375 510.876 679.930573 766.187500 1.000000
216 117.000 576.000 0.000000 799.500000 1.000000
217 235.125 576.000 88.506947 799.500000 1.000000
218 353.250 576.000 177.013893 799.500000 1.000000
219 449.375 576.000 265.520840 799.500000 1.000000
220 545.500 576.000 354.027786 799.500000 1.000000
221 629.125 569.500 442.534733 799.500000 1.000000
222 685.750 563.000 531.041679 799.500000 1.000000
223 748.375 546.000 619.548626 799.500000 1.000000
224 851.000 529.001 679.930573 799.500000 1.000000
225 117.000 600.000 0.000000 832.812500 1.000000
226 235.125 600.000 88.506947 832.812500 1.000000
227 353.250 600.000 177.013893 832.812500 1.000000
228 449.375 600.000 265.520840 832.812500 1.000000
229 545.500 600.000 354.027786 832.812500 1.000000
230 623.375 594.313 442.534733 832.812500 1.000000
231 677.000 588.625 531.041679 832.812500 1.000000
232 736.125 571.875 619.548626 832.812500 1.000000
233 834.500 555.126 679.930573 832.812500 1.000000
234 117.000 624.000 0.000000 866.125000 1.000000
235 235.125 624.000 88.506947 866.125000 1.000000
236 353.250 624.000 177.013893 866.125000 1.000000
237 449.375 624.000 265.520840 866.125000 1.000000
238 545.500 624.000 354.027786 866.125000 1.000000
239 617.625 619.125 442.534733 866.125000 1.000000
240 668.250 614.250 531.041679 866.125000 1.000000
241 723.875 597.750 619.548626 866.125000 1.000000
242 818.000 581.251 679.930573 866.125000 1.000000
243 117.000 648.000 0.000000 899.437500 1.000000
244 235.125 648.000 88.506947 899.437500 1.000000
245 353.250 648.000 177.013893 899.437500 1.000000
246 449.375 648.000 265.520840 899.437500 1.000000
247 545.500 648.000 354.027786 899.437500 1.000000
248 609.875 643.938 442.534733 899.437500 1.000000
249 655.500 639.875 531.041679 899.437500 1.000000
250 705.125 623.625 619.548626 899.437500 1.000000
251 801.500 607.376 679.930573 899.437500 1.000000
252 117.000 672.000 0.000000 932.750000 1.000000
253 235.125 672.000 88.506947 932.750000 1.000000
254 353.250 672.000 177.013893 932.750000 1.000000
255 449.375 672.000 265.520840 932.750000 1.000000
256 545.500 672.000 354.027786 932.750000 1.000000
257 602.125 668.750 442.534733 932.750000 1.000000
258 642.750 665.500 531.041679 932.750000 1.000000
259 686.375 649.500 619.548626 932.750000 1.000000
260 785.000 633.501 679.930573 932.750000 1.000000
261 117.000 696.000 0.000000 966.062500 1.000000
262 235.125 696.000 88.506947 966.062500 1.000000
263 353.250 696.000 177.013893 966.062500 1.000000
264 449.375 696.000 265.520840 966.062500 1.000000
265 545.500 696.000 354.027786 966.062500 1.000000
266 589.375 693.563 442.534733 966.062500 1.000000
267 626.000 689.625 531.041679 966.062500 1.000000
268 665.375 675.375 619.548626 966.062500 1.000000
269 761.750 659.626 679.930573 966.062500 1.000000
270 117.000 720.000 0.000000 999.375000 1.000000
271 235.125 720.000 88.506947 999.375000 1.000000
272 353.250 720.000 177.013893 999.375000 1.000000
273 449.375 720.000 265.520840 999.375000 1.000000
274 545.500 720.000 354.027786 999.375000 1.000000
275 576.625 718.375 442.534733 999.375000 1.000000
276 609.250 713.750 531.041679 999.375000 1.000000
277 644.375 701.250 619.548626 999.375000 1.000000
278 738.500 685.751 679.930573 999.375000 1.000000
279 117.000 744.000 0.000000 1032.687500 1.000000
280 235.125 744.000 88.506947 1032.687500 1.000000
281 353.250 744.000 177.013893 1032.687500 1.000000
282 449.375 744.000 265.520840 1032.687500 1.000000
283 545.500 744.000 354.027786 1032.687500 1.000000
284 558.375 743.188 442.534733 1032.687500 1.000000
285 587.500 739.375 531.041679 1032.687500 1.000000
286 618.375 732.125 619.548626 1032.687500 1.000000
287 700.250 711.876 679.930573 1032.687500 1.000000
288 117.000 768.000 0.000000 1066.000000 1.000000
289 235.125 768.000 88.506947 1066.000000 1.000000
290 353.250 768.000 177.013893 1066.000000 1.000000
291 449.375 768.000 265.520840 1066.000000 1.000000
292 545.500 768.000 354.027786 1066.000000 1.000000
293 544.125 768.000 442.534733 1066.000000 1.000000
294 565.750 765.000 531.041679 1066.000000 1.000000
295 592.375 763.000 619.548626 1066.000000 1.000000
296 662.000 738.000 679.930573 1066.000000 1.000000
TRIANGLES=512
0 0 9 10
1 1 0 10
2 1 10 11
3 2 1 11
4 2 11 12
5 3 2 12
6 3 12 13
7 4 3 13
8 4 13 14
9 5 4 14
10 5 14 15
11 6 5 15
12 6 15 16
13 7 6 16
14 7 16 17
15 8 7 17
16 9 18 19
17 10 9 19
18 10 19 20
19 11 10 20
20 11 20 21
21 12 11 21
22 12 21 22
23 13 12 22
24 13 22 23
25 14 13 23
26 14 23 24
27 15 14 24
28 15 24 25
29 16 15 25
30 16 25 26
31 17 16 26
32 18 27 28
33 19 18 28
34 19 28 29
35 20 19 29
36 20 29 30
37 21 20 30
38 21 30 31
39 22 21 31
40 22 31 32
41 23 22 32
42 23 32 33
43 24 23 33
44 24 33 34
45 25 24 34
46 25 34 35
47 26 25 35
48 27 36 37
49 28 27 37
50 28 37 38
51 29 28 38
52 29 38 39
53 30 29 39
54 30 39 40
55 31 30 40
56 31 40 41
57 32 31 41
58 32 41 42
59 33 32 42
60 33 42 43
61 34 33 43
62 34 43 44
63 35 34 44
64 36 45 46
65 37 36 46
66 37 46 47
67 38 37 47
68 38 47 48
69 39 38 48
70 39 48 49
71 40 39 49
72 40 49 50
73 41 40 50
74 41 50 51
75 42 41 51
76 42 51 52
77 43 42 52
78 43 52 53
79 44 43 53
80 45 54 55
81 46 45 55
82 46 55 56
83 47 46 56
84 47 56 57
85 48 47 57
86 48 57 58
87 49 48 58
88 49 58 59
89 50 49 59
90 50 59 60
91 51 50 60
92 51 60 61
93 52 51 61
94 52 61 62
95 53 52 62
96 54 63 64
97 55 54 64
98 55 64 65
99 56 55 65
100 56 65 66
101 57 56 66
102 57 66 67
103 58 57 67
104 58 67 68
105 59 58 68
106 59 68 69
107 60 59 69
108 60 69 70
109 61 60 70
110 61 70 71
111 62 61 71
112 63 72 73
113 64 63 73
114 64 73 74
115 65 64 74
116 65 74 75
117 66 65 75
118 66 75 76
119 67 66 76
120 67 76 77
121 68 67 77
122 68 77 78
123 69 68 78
124 69 78 79
125 70 69 79
126 70 79 80
127 71 70 80
128 72 81 82
129 73 72 82
130 73 82 83
131 74 73 83
132 74 83 84
133 75 74 84
134 75 84 85
135 76 75 85
136 76 85 86
137 77 76 86
138 77 86 87
139 78 77 87
140 78 87 88
141 79 78 88
142 79 88 89
143 80 79 89
144 81 90 91
145 82 81 91
146 82 91 92
147 83 82 92
148 83 92 93
149 84 83 93
150 84 93 94
151 85 84 94
152 85 94 95
153 86 85 95
154 86 95 96
155 87 86 96
156 87 96 97
157 88 87 97
158 88 97 98
159 89 88 98
160 90 99 100
161 91 90 100
162 91 100 101
163 92 91 101
164 92 101 102
165 93 92 102
166 93 102 103
167 94 93 103
168 94 103 104
169 95 94 104
170 95 104 105
171 96 95 105
172 96 105 106
173 97 96 106
174 97 106 107
175 98 97 107
176 99 108 109
177 100 99 109
178 100 109 110
179 101 100 110
180 101 110 111
181 102 101 111
182 102 111 112
183 103 102 112
184 103 112 113
185 104 103 113
186 104 113 114
187 105 104 114
188 105 114 115
189 106 105 115
190 106 115 116
191 107 106 116
192 108 117 118
193 109 108 118
194 109 118 119
195 110 109 119
196 110 119 120
197 111 110 120
198 111 120 121
199 112 111 121
200 112 121 122
201 113 112 122
202 113 122 123
203 114 113 123
204 114 123 124
205 115 114 124
206 115 124 125
207 116 115 125
208 117 126 127
209 118 117 127
210 118 127 128
211 119 118 128
212 119 128 129
213 120 119 129
214 120 129 130
215 121 120 130
216 121 130 131
217 122 121 131
218 122 131 132
219 123 122 132
220 123 132 133
221 124 123 133
222 124 133 134
223 125 124 134
224 126 135 136
225 127 126 136
226 127 136 137
227 128 127 137
228 128 137 138
229 129 128 138
230 129 138 139
231 130 129 139
232 130 139 140
233 131 130 140
234 131 140 141
235 132 131 141
236 132 141 142
237 133 132 142
238 133 142 143
239 134 133 143
240 135 144 145
241 136 135 145
242 136 145 146
243 137 136 146
244 137 146 147
245 138 137 147
246 138 147 148
247 139 138 148
248 139 148 149
249 140 139 149
250 140 149 150
251 141 140 150
252 141 150 151
253 142 141 151
254 142 151 152
255 143 142 152
256 144 153 154
257 145 144 154
258 145 154 155
259 146 145 155
260 146 155 156
261 147 146 156
262 147 156 157
263 148 147 157
264 148 157 158
265 149 148 158
266 149 158 159
267 150 149 159
268 150 159 160
269 151 150 160
270 151 160 161
271 152 151 161
272 153 162 163
273 154 153 163
274 154 163 164
275 155 154 164
276 155 164 165
277 156 155 165
278 156 165 166
279 157 156 166
280 157 166 167
281 158 157 167
282 158 167 168
283 159 158 168
284 159 168 169
285 160 159 169
286 160 169 170
287 161 160 170
288 162 171 172
289 163 162 172
290 163 172 173
291 164 163 173
292 164 173 174
293 165 164 174
294 165 174 175
295 166 165 175
296 166 175 176
297 167 166 176
298 167 176 177
299 168 167 177
300 168 177 178
301 169 168 178
302 169 178 179
303 170 169 179
304 171 180 181
305 172 171 181
306 172 181 182
307 173 172 182
308 173 182 183
309 174 173 183
310 174 183 184
311 175 174 184
312 175 184 185
313 176 175 185
314 176 185 186
315 177 176 186
316 177 186 187
317 178 177 187
318 178 187 188
319 179 178 188
320 180 189 190
321 181 180 190
322 181 190 191
323 182 181 191
324 182 191 192
325 183 182 192
326 183 192 193
327 184 183 193
328 184 193 194
329 185 184 194
330 185 194 195
331 186 185 195
332 186 195 196
333 187 186 196
334 187 196 197
335 188 187 197
336 189 198 199
337 190 189 199
338 190 199 200
339 191 190 200
340 191 200 201
341 192 191 201
342 192 201 202
343 193 192 202
344 193 202 203
345 194 193 203
346 194 203 204
347 195 194 204
348 195 204 205
349 196 195 205
350 196 205 206
351 197 196 206
352 198 207 208
353 199 198 208
354 199 208 209
355 200 199 209
356 200 209 210
357 201 200 210
358 201 210 211
359 202 201 211
360 202 211 212
361 203 202 212
362 203 212 213
363 204 203 213
364 204 213 214
365 205 204 214
366 205 214 215
367 206 205 215
368 207 216 217
369 208 207 217
370 208 217 218
371 209 208 218
372 209 218 219
373 210 209 219
374 210 219 220
375 211 210 220
376 211 220 221
377 212 211 221
378 212 221 222
379 213 212 222
380 213 222 223
381 214 213 223
382 214 223 224
383 215 214 224
384 216 225 226
385 217 216 226
386 217 226 227
387 218 217 227
388 218 227 228
389 219 218 228
390 219 228 229
391 220 219 229
392 220 229 230
393 221 220 230
394 221 230 231
395 222 221 231
396 222 231 232
397 223 222 232
398 223 232 233
399 224 223 233
400 225 234 235
401 226 225 235
402 226 235 236
403 227 226 236
404 227 236 237
405 228 227 237
406 228 237 238
407 229 228 238
408 229 238 239
409 230 229 239
410 230 239 240
411 231 230 240
412 231 240 241
413 232 231 241
414 232 241 242
415 233 232 242
416 234 243 244
417 235 234 244
418 235 244 245
419 236 235 245
420 236 245 246
421 237 236 246
422 237 246 247
423 238 237 247
424 238 247 248
425 239 238 248
426 239 248 249
427 240 239 249
428 240 249 250
429 241 240 250
430 241 250 251
431 242 241 251
432 243 252 253
433 244 243 253
434 244 253 254
435 245 244 254
436 245 254 255
437 246 245 255
438 246 255 256
439 247 246 256
440 247 256 257
441 248 247 257
442 248 257 258
443 249 248 258
444 249 258 259
445 250 249 259
446 250 259 260
447 251 250 260
448 252 261 262
449 253 252 262
450 253 262 263
451 254 253 263
452 254 263 264
453 255 254 264
454 255 264 265
455 256 255 265
456 256 265 266
457 257 256 266
458 257 266 267
459 258 257 267
460 258 267 268
461 259 258 268
462 259 268 269
463 260 259 269
464 261 270 271
465 262 261 271
466 262 271 272
467 263 262 272
468 263 272 273
469 264 263 273
470 264 273 274
471 265 264 274
472 265 274 275
473 266 265 275
474 266 275 276
475 267 266 276
476 267 276 277
477 268 267 277
478 268 277 278
479 269 268 278
480 270 279 280
481 271 270 280
482 271 280 281
483 272 271 281
484 272 281 282
485 273 272 282
486 273 282 283
487 274 273 283
488 274 283 284
489 275 274 284
490 275 284 285
491 276 275 285
492 276 285 286
493 277 276 286
494 277 286 287
495 278 277 287
496 279 288 289
497 280 279 289
498 280 289 290
499 281 280 290
500 281 290 291
501 282 281 291
502 282 291 292
503 283 282 292
504 283 292 293
505 284 283 293
506 284 293 294
507 285 284 294
508 285 294 295
509 286 285 295
510 286 295 296
511 287 286 296
