127.0.0.1: 1337
WORLD:1400.0:768.0
PROJECTOR1:1024:768:1280:0
VERTICES=153
0 338.000 214.000 0.000000 12.999999 1.000000
1 393.250 182.500 120.947267 12.999999 1.000000
2 439.500 167.000 194.042972 12.999999 1.000000
3 483.250 158.500 239.794916 12.999999 1.000000
4 514.000 157.000 289.648443 12.999999 1.000000
5 582.000 164.500 341.210914 12.999999 1.000000
6 620.000 177.000 398.150885 12.999999 1.000000
7 654.500 191.000 474.687266 12.999999 1.000000
8 682.000 206.000 520.383239 12.999999 1.000000
9 309.688 243.937 12.988310 54.000011 1.000000
10 367.930 217.086 112.744142 54.000011 1.000000
11 430.922 199.234 185.839847 54.000011 1.000000
12 476.539 183.133 231.591791 54.000011 1.000000
13 513.879 193.031 281.445318 54.000011 1.000000
14 584.211 188.180 333.007789 54.000011 1.000000
15 620.766 193.328 380.468738 54.000011 1.000000
16 665.945 202.851 455.921692 54.000011 1.000000
17 716.125 233.125 528.731894 54.000011 1.000000
18 288.375 275.875 25.976620 93.999990 1.000000
19 353.609 250.672 104.541017 93.999990 1.000000
20 422.344 216.468 177.636722 93.999990 1.000000
21 463.828 208.765 223.388666 93.999990 1.000000
22 513.814 209.062 273.242193 93.999990 1.000000
23 578.422 210.859 324.804664 93.999990 1.000000
24 625.531 225.656 372.265613 93.999990 1.000000
25 674.391 222.703 439.156079 93.999990 1.000000
26 750.250 266.250 526.080757 93.999990 1.000000
27 269.063 304.812 29.212289 143.000004 1.000000
28 346.289 286.258 99.755861 143.000004 1.000000
29 414.766 248.703 172.851565 143.000004 1.000000
30 460.117 243.398 218.603510 143.000004 1.000000
31 513.660 232.093 268.457037 143.000004 1.000000
32 573.133 235.539 320.019507 143.000004 1.000000
33 627.297 247.984 367.480457 143.000004 1.000000
34 687.336 255.554 430.662686 143.000004 1.000000
35 767.375 296.375 516.660273 143.000004 1.000000
36 253.750 333.750 32.447959 184.000031 1.000000
37 331.969 320.844 94.970705 184.000031 1.000000
38 416.188 285.937 168.066409 184.000031 1.000000
39 453.406 280.031 213.818353 184.000031 1.000000
40 513.473 278.125 263.671881 184.000031 1.000000
41 577.844 283.218 315.234372 184.000031 1.000000
42 636.063 287.312 362.695301 184.000031 1.000000
43 695.281 299.406 421.169311 184.000031 1.000000
44 785.500 322.500 511.239713 184.000031 1.000000
45 246.438 362.687 36.093783 232.999947 1.000000
46 319.398 362.805 89.501955 232.999947 1.000000
47 406.359 322.922 162.597659 232.999947 1.000000
48 450.320 311.039 208.349603 232.999947 1.000000
49 513.356 313.156 258.203131 232.999947 1.000000
50 571.742 312.273 309.765622 232.999947 1.000000
51 633.953 332.390 357.226551 232.999947 1.000000
52 699.414 337.508 415.908927 232.999947 1.000000
53 791.125 347.625 502.041864 232.999947 1.000000
54 239.125 391.625 39.739608 283.999969 1.000000
55 307.828 391.766 84.033205 283.999969 1.000000
56 402.531 360.906 157.128909 283.999969 1.000000
57 442.234 351.047 202.880853 283.999969 1.000000
58 513.228 346.187 252.734381 283.999969 1.000000
59 560.641 349.328 304.296872 283.999969 1.000000
60 625.844 355.469 351.757801 283.999969 1.000000
61 702.547 363.609 413.648486 283.999969 1.000000
62 797.750 380.750 501.843846 283.999969 1.000000
63 231.813 420.563 41.289084 336.000000 1.000000
64 303.258 413.727 82.666017 336.000000 1.000000
65 394.703 392.891 155.761722 336.000000 1.000000
66 445.148 389.055 201.513666 336.000000 1.000000
67 513.133 395.219 251.367193 336.000000 1.000000
68 565.039 397.383 302.929685 336.000000 1.000000
69 627.734 403.547 350.390613 336.000000 1.000000
70 703.680 420.711 408.395988 336.000000 1.000000
71 807.375 421.875 503.403711 336.000000 1.000000
72 224.500 449.500 42.838561 384.000000 1.000000
73 299.688 449.563 81.298830 384.000000 1.000000
74 391.875 449.841 154.394534 384.000000 1.000000
75 446.063 450.052 200.146478 384.000000 1.000000
76 513.009 450.249 250.000006 384.000000 1.000000
77 562.438 450.380 301.562497 384.000000 1.000000
78 621.625 450.550 349.023426 384.000000 1.000000
79 704.813 450.813 408.143395 384.000000 1.000000
80 812.000 451.000 504.963577 384.000000 1.000000
81 229.188 478.437 42.246117 432.000000 1.000000
82 308.305 500.898 84.716798 432.000000 1.000000
83 394.922 498.359 157.812503 432.000000 1.000000
84 449.539 509.320 203.564447 432.000000 1.000000
85 512.846 509.281 253.417975 432.000000 1.000000
86 562.773 508.742 304.980466 432.000000 1.000000
87 623.641 510.203 352.441394 432.000000 1.000000
88 703.508 503.164 408.936429 432.000000 1.000000
89 808.125 480.125 502.267045 432.000000 1.000000
90 233.875 507.375 41.653673 480.000000 1.000000
91 316.922 525.109 88.134767 480.000000 1.000000
92 404.969 549.843 161.230472 480.000000 1.000000
93 454.016 548.578 206.982416 480.000000 1.000000
94 512.705 552.312 256.835943 480.000000 1.000000
95 569.109 553.046 308.398435 480.000000 1.000000
96 631.656 546.781 355.859363 480.000000 1.000000
97 714.203 539.515 411.729425 480.000000 1.000000
98 802.250 554.249 499.570513 480.000000 1.000000
99 238.563 536.312 39.602897 528.000000 1.000000
100 328.539 572.320 91.552736 528.000000 1.000000
101 409.016 593.327 164.648440 528.000000 1.000000
102 457.492 594.835 210.400385 528.000000 1.000000
103 512.603 583.343 260.253912 528.000000 1.000000
104 574.445 585.351 311.816403 528.000000 1.000000
105 634.672 577.359 359.277332 528.000000 1.000000
106 699.398 581.867 419.324392 528.000000 1.000000
107 797.375 574.375 504.988444 528.000000 1.000000
108 243.250 565.250 37.552121 568.000122 1.000000
109 342.156 606.531 94.970705 568.000122 1.000000
110 418.063 633.811 168.066409 568.000122 1.000000
111 459.969 644.093 213.818353 568.000122 1.000000
112 512.469 624.374 263.671881 568.000122 1.000000
113 569.781 626.655 315.234372 568.000122 1.000000
114 627.688 634.937 365.111828 568.000122 1.000000
115 689.594 629.218 426.356846 568.000122 1.000000
116 789.500 594.500 511.406356 568.000122 1.000000
117 257.438 594.188 33.815151 607.000259 1.000000
118 364.305 658.085 107.275392 607.000259 1.000000
119 424.922 672.483 180.371097 607.000259 1.000000
120 465.539 687.132 226.123041 607.000259 1.000000
121 512.282 681.780 275.976568 607.000259 1.000000
122 578.086 668.242 327.539060 607.000259 1.000000
123 631.266 667.202 376.603997 607.000259 1.000000
124 687.445 655.726 438.786453 607.000259 1.000000
125 776.125 617.625 525.711006 607.000259 1.000000
126 271.625 623.125 24.609438 653.000290 1.000000
127 390.453 717.639 104.111309 653.000290 1.000000
128 441.781 743.155 187.207034 653.000290 1.000000
129 469.109 743.171 232.958978 653.000290 1.000000
130 512.179 713.187 282.812506 653.000290 1.000000
131 569.391 696.828 324.166527 653.000290 1.000000
132 614.844 698.468 371.773320 653.000290 1.000000
133 681.297 676.234 455.684662 653.000290 1.000000
134 760.750 637.750 529.547000 653.000290 1.000000
135 285.813 652.062 12.304719 699.000320 1.000000
136 380.602 728.195 94.332714 699.000320 1.000000
137 419.641 748.000 194.042972 699.000320 1.000000
138 474.680 750.210 239.794916 699.000320 1.000000
139 512.070 746.593 289.648443 699.000320 1.000000
140 563.695 734.414 329.544091 699.000320 1.000000
141 612.422 719.734 398.817456 699.000320 1.000000
142 663.648 703.742 469.281060 699.000320 1.000000
143 734.375 668.875 531.383032 699.000320 1.000000
144 300.000 681.000 0.000000 727.000626 1.000000
145 354.750 713.750 74.554099 727.000626 1.000000
146 422.500 730.001 200.878909 727.000626 1.000000
147 481.250 768.000 246.630853 727.000626 1.000000
148 512.000 768.000 296.484381 727.000626 1.000000
149 580.000 760.000 348.046851 727.000626 1.000000
150 614.000 744.000 446.173805 727.000626 1.000000
151 641.000 731.250 485.752481 727.000626 1.000000
152 711.000 693.000 527.219176 727.000626 1.000000
TRIANGLES=256
0 0 9 10
1 1 0 10
2 1 10 11
3 2 1 11
4 2 11 12
5 3 2 12
6 3 12 13
7 4 3 13
8 4 13 14
9 5 4 14
10 5 14 15
11 6 5 15
12 6 15 16
13 7 6 16
14 7 16 17
15 8 7 17
16 9 18 19
17 10 9 19
18 10 19 20
19 11 10 20
20 11 20 21
21 12 11 21
22 12 21 22
23 13 12 22
24 13 22 23
25 14 13 23
26 14 23 24
27 15 14 24
28 15 24 25
29 16 15 25
30 16 25 26
31 17 16 26
32 18 27 28
33 19 18 28
34 19 28 29
35 20 19 29
36 20 29 30
37 21 20 30
38 21 30 31
39 22 21 31
40 22 31 32
41 23 22 32
42 23 32 33
43 24 23 33
44 24 33 34
45 25 24 34
46 25 34 35
47 26 25 35
48 27 36 37
49 28 27 37
50 28 37 38
51 29 28 38
52 29 38 39
53 30 29 39
54 30 39 40
55 31 30 40
56 31 40 41
57 32 31 41
58 32 41 42
59 33 32 42
60 33 42 43
61 34 33 43
62 34 43 44
63 35 34 44
64 36 45 46
65 37 36 46
66 37 46 47
67 38 37 47
68 38 47 48
69 39 38 48
70 39 48 49
71 40 39 49
72 40 49 50
73 41 40 50
74 41 50 51
75 42 41 51
76 42 51 52
77 43 42 52
78 43 52 53
79 44 43 53
80 45 54 55
81 46 45 55
82 46 55 56
83 47 46 56
84 47 56 57
85 48 47 57
86 48 57 58
87 49 48 58
88 49 58 59
89 50 49 59
90 50 59 60
91 51 50 60
92 51 60 61
93 52 51 61
94 52 61 62
95 53 52 62
96 54 63 64
97 55 54 64
98 55 64 65
99 56 55 65
100 56 65 66
101 57 56 66
102 57 66 67
103 58 57 67
104 58 67 68
105 59 58 68
106 59 68 69
107 60 59 69
108 60 69 70
109 61 60 70
110 61 70 71
111 62 61 71
112 63 72 73
113 64 63 73
114 64 73 74
115 65 64 74
116 65 74 75
117 66 65 75
118 66 75 76
119 67 66 76
120 67 76 77
121 68 67 77
122 68 77 78
123 69 68 78
124 69 78 79
125 70 69 79
126 70 79 80
127 71 70 80
128 72 81 82
129 73 72 82
130 73 82 83
131 74 73 83
132 74 83 84
133 75 74 84
134 75 84 85
135 76 75 85
136 76 85 86
137 77 76 86
138 77 86 87
139 78 77 87
140 78 87 88
141 79 78 88
142 79 88 89
143 80 79 89
144 81 90 91
145 82 81 91
146 82 91 92
147 83 82 92
148 83 92 93
149 84 83 93
150 84 93 94
151 85 84 94
152 85 94 95
153 86 85 95
154 86 95 96
155 87 86 96
156 87 96 97
157 88 87 97
158 88 97 98
159 89 88 98
160 90 99 100
161 91 90 100
162 91 100 101
163 92 91 101
164 92 101 102
165 93 92 102
166 93 102 103
167 94 93 103
168 94 103 104
169 95 94 104
170 95 104 105
171 96 95 105
172 96 105 106
173 97 96 106
174 97 106 107
175 98 97 107
176 99 108 109
177 100 99 109
178 100 109 110
179 101 100 110
180 101 110 111
181 102 101 111
182 102 111 112
183 103 102 112
184 103 112 113
185 104 103 113
186 104 113 114
187 105 104 114
188 105 114 115
189 106 105 115
190 106 115 116
191 107 106 116
192 108 117 118
193 109 108 118
194 109 118 119
195 110 109 119
196 110 119 120
197 111 110 120
198 111 120 121
199 112 111 121
200 112 121 122
201 113 112 122
202 113 122 123
203 114 113 123
204 114 123 124
205 115 114 124
206 115 124 125
207 116 115 125
208 117 126 127
209 118 117 127
210 118 127 128
211 119 118 128
212 119 128 129
213 120 119 129
214 120 129 130
215 121 120 130
216 121 130 131
217 122 121 131
218 122 131 132
219 123 122 132
220 123 132 133
221 124 123 133
222 124 133 134
223 125 124 134
224 126 135 136
225 127 126 136
226 127 136 137
227 128 127 137
228 128 137 138
229 129 128 138
230 129 138 139
231 130 129 139
232 130 139 140
233 131 130 140
234 131 140 141
235 132 131 141
236 132 141 142
237 133 132 142
238 133 142 143
239 134 133 143
240 135 144 145
241 136 135 145
242 136 145 146
243 137 136 146
244 137 146 147
245 138 137 147
246 138 147 148
247 139 138 148
248 139 148 149
249 140 139 149
250 140 149 150
251 141 140 150
252 141 150 151
253 142 141 151
254 142 151 152
255 143 142 152
