127.0.0.1: 1338
WORLD:1920.0:1066.0
PROJECTOR0:1024:768:2304:0
VERTICES=25
0 177.000 0.000 630.000000 0.000000 1.000000
1 366.750 0.000 780.295143 0.000000 1.000000
2 556.500 0.000 958.715286 0.000000 1.000000
3 746.250 0.000 1137.135429 0.000000 1.000000
4 936.000 0.000 1315.555573 0.000000 1.000000
5 177.000 192.000 589.000626 266.500000 1.000000
6 366.750 192.000 780.295143 266.500000 1.000000
7 556.500 192.000 958.715286 266.500000 1.000000
8 746.250 192.000 1137.135429 266.500000 1.000000
9 936.000 192.000 1315.555573 266.500000 1.000000
10 177.000 384.000 580.000763 533.000000 1.000000
11 366.750 384.000 780.295143 533.000000 1.000000
12 556.500 384.000 958.715286 533.000000 1.000000
13 746.250 384.000 1137.135429 533.000000 1.000000
14 936.000 384.000 1315.555573 533.000000 1.000000
15 177.000 576.000 630.000000 799.500000 1.000000
16 366.750 576.000 780.295143 799.500000 1.000000
17 556.500 576.000 958.715286 799.500000 1.000000
18 746.250 576.000 1137.135429 799.500000 1.000000
19 936.000 576.000 1315.555573 799.500000 1.000000
20 177.000 768.000 630.000000 1066.000000 1.000000
21 366.750 768.000 780.295143 1066.000000 1.000000
22 556.500 768.000 958.715286 1066.000000 1.000000
23 746.250 768.000 1137.135429 1066.000000 1.000000
24 936.000 768.000 1315.555573 1066.000000 1.000000
TRIANGLES=32
0 0 5 6
1 1 0 6
2 1 6 7
3 2 1 7
4 2 7 8
5 3 2 8
6 3 8 9
7 4 3 9
8 5 10 11
9 6 5 11
10 6 11 12
11 7 6 12
12 7 12 13
13 8 7 13
14 8 13 14
15 9 8 14
16 10 15 16
17 11 10 16
18 11 16 17
19 12 11 17
20 12 17 18
21 13 12 18
22 13 18 19
23 14 13 19
24 15 20 21
25 16 15 21
26 16 21 22
27 17 16 22
28 17 22 23
29 18 17 23
30 18 23 24
31 19 18 24
