127.0.0.1: 1337
WORLD:1920.0:1066.0
PROJECTOR2:1024:768:1280:0
VERTICES=25
0 117.000 21.000 0.000000 0.000000 1.000000
1 353.250 21.000 177.013893 0.000000 1.000000
2 545.500 21.000 354.027786 0.000000 1.000000
3 610.750 35.000 531.041679 0.000000 1.000000
4 729.000 77.000 708.055573 0.000000 1.000000
5 117.000 192.000 0.000000 266.500000 1.000000
6 353.250 192.000 177.013893 266.500000 1.000000
7 545.500 192.000 354.027786 266.500000 1.000000
8 716.750 192.000 531.041679 266.500000 1.000000
9 831.000 192.000 708.055573 266.500000 1.000000
10 117.000 384.000 0.000000 533.000000 1.000000
11 353.250 384.000 177.013893 533.000000 1.000000
12 545.500 384.000 354.027786 533.000000 1.000000
13 731.750 384.000 531.041679 533.000000 1.000000
14 875.000 384.000 708.055573 533.000000 1.000000
15 117.000 576.000 0.000000 799.500000 1.000000
16 353.250 576.000 177.013893 799.500000 1.000000
17 545.500 576.000 354.027786 799.500000 1.000000
18 686.750 576.000 531.041679 799.500000 1.000000
19 834.000 576.000 708.055573 799.500000 1.000000
20 117.000 768.000 0.000000 1066.000000 1.000000
21 353.250 768.000 177.013893 1066.000000 1.000000
22 545.500 768.000 354.027786 1066.000000 1.000000
23 556.750 768.000 531.041679 1066.000000 1.000000
24 680.000 738.000 708.055573 1066.000000 1.000000
TRIANGLES=32
0 0 5 6
1 1 0 6
2 1 6 7
3 2 1 7
4 2 7 8
5 3 2 8
6 3 8 9
7 4 3 9
8 5 10 11
9 6 5 11
10 6 11 12
11 7 6 12
12 7 12 13
13 8 7 13
14 8 13 14
15 9 8 14
16 10 15 16
17 11 10 16
18 11 16 17
19 12 11 17
20 12 17 18
21 13 12 18
22 13 18 19
23 14 13 19
24 15 20 21
25 16 15 21
26 16 21 22
27 17 16 22
28 17 22 23
29 18 17 23
30 18 23 24
31 19 18 24
