127.0.0.1: 1338
WORLD:1400.0:768.0
PROJECTOR2:1024:768:2304:0
VERTICES=153
0 334.000 220.000 517.187029 12.999999 1.000000
1 363.250 198.500 561.978358 12.999999 1.000000
2 414.500 176.000 613.769555 12.999999 1.000000
3 463.250 158.500 658.154291 12.999999 1.000000
4 512.000 155.000 702.539110 12.999999 1.000000
5 564.000 155.500 756.835914 12.999999 1.000000
6 616.000 166.000 805.664051 12.999999 1.000000
7 665.500 191.000 868.164063 12.999999 1.000000
8 711.000 218.000 930.664074 12.999999 1.000000
9 314.188 238.437 504.277438 54.000011 1.000000
10 334.680 229.086 581.068164 54.000011 1.000000
11 392.422 195.234 630.859399 54.000011 1.000000
12 460.539 200.133 675.244135 54.000011 1.000000
13 513.656 193.031 719.628954 54.000011 1.000000
14 569.211 200.180 773.925757 54.000011 1.000000
15 632.016 208.328 822.753894 54.000011 1.000000
16 681.445 226.851 885.253906 54.000011 1.000000
17 729.125 247.125 947.753918 54.000011 1.000000
18 275.375 281.875 495.367771 93.999990 1.000000
19 335.109 242.672 592.158121 93.999996 1.000000
20 376.344 243.469 647.949243 93.999996 1.000000
21 457.828 244.766 692.333937 93.999996 1.000000
22 515.313 240.063 736.718798 93.999996 1.000000
23 574.422 244.860 791.015601 93.999996 1.000000
24 648.031 250.656 839.843738 93.999996 1.000000
25 697.391 262.703 902.343750 93.999996 1.000000
26 747.250 276.250 964.843762 93.999996 1.000000
27 246.563 312.313 488.051516 143.000004 1.000000
28 317.039 277.758 596.841639 143.000004 1.000000
29 360.766 284.703 648.632836 143.000004 1.000000
30 455.117 281.398 693.017530 143.000004 1.000000
31 516.969 276.094 737.402391 143.000004 1.000000
32 579.633 282.039 791.699195 143.000004 1.000000
33 664.047 286.485 840.527332 143.000004 1.000000
34 713.336 298.554 903.027344 143.000004 1.000000
35 765.375 305.375 965.527356 143.000004 1.000000
36 238.750 336.750 484.735185 184.000031 1.000000
37 300.969 314.844 600.525177 185.000027 1.000000
38 351.188 319.938 649.316430 185.000027 1.000000
39 452.406 318.031 693.701124 185.000027 1.000000
40 518.625 312.125 738.085985 185.000027 1.000000
41 584.844 319.219 792.382789 185.000027 1.000000
42 680.063 322.313 841.210926 185.000027 1.000000
43 729.281 334.406 903.710938 185.000027 1.000000
44 783.500 334.500 966.210949 185.000027 1.000000
45 233.438 377.688 484.735185 230.999931 1.000000
46 303.399 347.805 599.525195 230.999931 1.000000
47 339.610 355.922 649.316430 230.999931 1.000000
48 450.320 355.039 693.701124 230.999931 1.000000
49 518.281 352.156 738.085985 230.999931 1.000000
50 586.242 355.774 792.382789 230.999931 1.000000
51 682.453 357.891 841.210926 230.999931 1.000000
52 733.914 363.508 903.710938 230.999931 1.000000
53 790.125 363.625 966.210949 230.999931 1.000000
54 230.125 396.625 488.735110 281.999954 1.000000
55 301.828 372.766 598.525214 281.999954 1.000000
56 333.031 391.906 649.316430 281.999954 1.000000
57 448.234 392.047 693.701124 281.999954 1.000000
58 517.938 392.187 738.085985 281.999954 1.000000
59 587.641 392.329 792.382789 281.999954 1.000000
60 684.844 393.469 841.210926 281.999954 1.000000
61 738.547 392.609 903.710938 281.999954 1.000000
62 796.750 392.750 966.210949 281.999954 1.000000
63 229.813 442.562 493.735015 336.000000 1.000000
64 300.258 424.226 598.525214 336.000000 1.000000
65 337.953 434.891 649.316430 336.000000 1.000000
66 446.149 421.055 693.701124 336.000000 1.000000
67 517.594 421.219 738.085985 336.000000 1.000000
68 589.039 421.383 792.382789 336.000000 1.000000
69 687.234 422.547 841.210926 336.000000 1.000000
70 743.180 421.711 903.710938 336.000000 1.000000
71 803.375 421.875 966.210949 336.000000 1.000000
72 235.500 471.500 498.734921 383.999977 1.000000
73 303.688 468.687 598.525214 384.000000 1.000000
74 335.875 474.875 649.316430 384.000000 1.000000
75 444.063 470.063 693.701124 384.000000 1.000000
76 517.250 470.250 738.085985 384.000000 1.000000
77 590.438 469.438 792.382789 384.000000 1.000000
78 689.625 472.625 841.210926 384.000000 1.000000
79 747.813 470.813 903.710938 384.000000 1.000000
80 810.000 457.000 966.210949 384.000000 1.000000
81 237.188 491.437 496.393162 432.000000 1.000000
82 300.305 499.148 595.183474 432.000000 1.000000
83 356.922 499.359 648.974633 432.000000 1.000000
84 445.539 504.320 693.359327 432.000000 1.000000
85 517.656 508.281 737.744188 432.000000 1.000000
86 589.774 504.742 792.040992 432.000000 1.000000
87 685.141 502.203 840.869129 432.000000 1.000000
88 747.508 493.664 903.369141 432.000000 1.000000
89 806.125 503.125 965.869153 432.000000 1.000000
90 249.875 541.374 493.051422 480.999985 1.000000
91 300.922 551.608 592.841715 480.999985 1.000000
92 347.969 530.844 648.632836 480.999985 1.000000
93 447.016 568.578 693.017530 480.999985 1.000000
94 518.063 576.311 737.402391 480.999985 1.000000
95 589.109 569.046 791.699195 480.999985 1.000000
96 680.656 562.780 840.527332 480.999985 1.000000
97 747.203 546.515 903.027344 480.999985 1.000000
98 802.250 536.250 965.527356 480.999985 1.000000
99 261.563 582.312 490.709662 527.000015 1.000000
100 314.539 578.569 589.499974 527.000015 1.000000
101 355.016 576.328 648.291039 527.000015 1.000000
102 448.492 593.835 692.675734 527.000015 1.000000
103 518.469 605.343 737.060595 527.000015 1.000000
104 588.445 594.351 791.357398 527.000015 1.000000
105 676.172 584.359 840.185535 527.000015 1.000000
106 746.899 560.367 902.685547 527.000015 1.000000
107 798.375 558.375 965.185559 527.000015 1.000000
108 279.250 615.249 491.367847 568.000122 1.000000
109 324.156 607.530 585.158253 568.000122 1.000000
110 362.063 601.812 647.949243 568.000122 1.000000
111 449.969 625.093 692.333937 568.000122 1.000000
112 518.875 640.374 736.718798 568.000122 1.000000
113 587.781 625.656 791.015601 568.000122 1.000000
114 671.688 611.937 839.843738 568.000122 1.000000
115 746.594 580.219 902.343750 568.000122 1.000000
116 794.500 577.500 964.843762 568.000122 1.000000
117 291.438 636.187 494.367790 605.000290 1.000000
118 333.555 632.835 582.158309 605.000290 1.000000
119 374.172 630.484 647.949243 605.000290 1.000000
120 450.539 651.132 692.333937 605.000290 1.000000
121 517.156 664.781 736.718798 605.000290 1.000000
122 584.086 651.242 791.015601 605.000290 1.000000
123 662.016 637.203 839.843738 605.000290 1.000000
124 733.945 605.977 902.343750 605.000290 1.000000
125 778.125 596.625 964.843762 605.000290 1.000000
126 305.625 656.125 498.367715 652.000305 1.000000
127 350.953 660.140 577.158403 652.000305 1.000000
128 386.281 669.156 647.949243 652.000305 1.000000
129 451.109 687.172 693.333960 652.000305 1.000000
130 515.438 699.187 736.718798 652.000305 1.000000
131 580.391 686.828 791.015601 652.000305 1.000000
132 652.344 672.469 839.843738 652.000305 1.000000
133 721.297 641.734 902.343750 652.000305 1.000000
134 761.750 625.750 964.843762 652.000305 1.000000
135 312.813 671.062 506.825268 699.000320 1.000000
136 348.352 686.445 561.345583 699.000320 1.000000
137 399.391 707.828 615.136743 699.000320 1.000000
138 451.680 723.211 659.521478 699.000320 1.000000
139 513.719 733.594 703.906298 699.000320 1.000000
140 576.695 722.414 758.203101 699.000320 1.000000
141 642.672 707.734 807.031238 699.000320 1.000000
142 708.648 677.492 869.531250 699.000320 1.000000
143 745.375 654.875 932.031262 699.000320 1.000000
144 316.000 682.000 518.282765 727.000626 1.000000
145 353.750 722.750 552.532631 727.000626 1.000000
146 412.500 746.500 589.324111 727.000626 1.000000
147 452.250 759.250 635.708809 727.000626 1.000000
148 512.000 768.000 683.093572 727.000626 1.000000
149 573.000 758.000 733.390784 727.000626 1.000000
150 633.000 743.000 774.218738 727.000626 1.000000
151 696.000 713.250 836.718750 727.000626 1.000000
152 729.000 684.000 899.218762 727.000626 1.000000
TRIANGLES=256
0 0 9 10
1 1 0 10
2 1 10 11
3 2 1 11
4 2 11 12
5 3 2 12
6 3 12 13
7 4 3 13
8 4 13 14
9 5 4 14
10 5 14 15
11 6 5 15
12 6 15 16
13 7 6 16
14 7 16 17
15 8 7 17
16 9 18 19
17 10 9 19
18 10 19 20
19 11 10 20
20 11 20 21
21 12 11 21
22 12 21 22
23 13 12 22
24 13 22 23
25 14 13 23
26 14 23 24
27 15 14 24
28 15 24 25
29 16 15 25
30 16 25 26
31 17 16 26
32 18 27 28
33 19 18 28
34 19 28 29
35 20 19 29
36 20 29 30
37 21 20 30
38 21 30 31
39 22 21 31
40 22 31 32
41 23 22 32
42 23 32 33
43 24 23 33
44 24 33 34
45 25 24 34
46 25 34 35
47 26 25 35
48 27 36 37
49 28 27 37
50 28 37 38
51 29 28 38
52 29 38 39
53 30 29 39
54 30 39 40
55 31 30 40
56 31 40 41
57 32 31 41
58 32 41 42
59 33 32 42
60 33 42 43
61 34 33 43
62 34 43 44
63 35 34 44
64 36 45 46
65 37 36 46
66 37 46 47
67 38 37 47
68 38 47 48
69 39 38 48
70 39 48 49
71 40 39 49
72 40 49 50
73 41 40 50
74 41 50 51
75 42 41 51
76 42 51 52
77 43 42 52
78 43 52 53
79 44 43 53
80 45 54 55
81 46 45 55
82 46 55 56
83 47 46 56
84 47 56 57
85 48 47 57
86 48 57 58
87 49 48 58
88 49 58 59
89 50 49 59
90 50 59 60
91 51 50 60
92 51 60 61
93 52 51 61
94 52 61 62
95 53 52 62
96 54 63 64
97 55 54 64
98 55 64 65
99 56 55 65
100 56 65 66
101 57 56 66
102 57 66 67
103 58 57 67
104 58 67 68
105 59 58 68
106 59 68 69
107 60 59 69
108 60 69 70
109 61 60 70
110 61 70 71
111 62 61 71
112 63 72 73
113 64 63 73
114 64 73 74
115 65 64 74
116 65 74 75
117 66 65 75
118 66 75 76
119 67 66 76
120 67 76 77
121 68 67 77
122 68 77 78
123 69 68 78
124 69 78 79
125 70 69 79
126 70 79 80
127 71 70 80
128 72 81 82
129 73 72 82
130 73 82 83
131 74 73 83
132 74 83 84
133 75 74 84
134 75 84 85
135 76 75 85
136 76 85 86
137 77 76 86
138 77 86 87
139 78 77 87
140 78 87 88
141 79 78 88
142 79 88 89
143 80 79 89
144 81 90 91
145 82 81 91
146 82 91 92
147 83 82 92
148 83 92 93
149 84 83 93
150 84 93 94
151 85 84 94
152 85 94 95
153 86 85 95
154 86 95 96
155 87 86 96
156 87 96 97
157 88 87 97
158 88 97 98
159 89 88 98
160 90 99 100
161 91 90 100
162 91 100 101
163 92 91 101
164 92 101 102
165 93 92 102
166 93 102 103
167 94 93 103
168 94 103 104
169 95 94 104
170 95 104 105
171 96 95 105
172 96 105 106
173 97 96 106
174 97 106 107
175 98 97 107
176 99 108 109
177 100 99 109
178 100 109 110
179 101 100 110
180 101 110 111
181 102 101 111
182 102 111 112
183 103 102 112
184 103 112 113
185 104 103 113
186 104 113 114
187 105 104 114
188 105 114 115
189 106 105 115
190 106 115 116
191 107 106 116
192 108 117 118
193 109 108 118
194 109 118 119
195 110 109 119
196 110 119 120
197 111 110 120
198 111 120 121
199 112 111 121
200 112 121 122
201 113 112 122
202 113 122 123
203 114 113 123
204 114 123 124
205 115 114 124
206 115 124 125
207 116 115 125
208 117 126 127
209 118 117 127
210 118 127 128
211 119 118 128
212 119 128 129
213 120 119 129
214 120 129 130
215 121 120 130
216 121 130 131
217 122 121 131
218 122 131 132
219 123 122 132
220 123 132 133
221 124 123 133
222 124 133 134
223 125 124 134
224 126 135 136
225 127 126 136
226 127 136 137
227 128 127 137
228 128 137 138
229 129 128 138
230 129 138 139
231 130 129 139
232 130 139 140
233 131 130 140
234 131 140 141
235 132 131 141
236 132 141 142
237 133 132 142
238 133 142 143
239 134 133 143
240 135 144 145
241 136 135 145
242 136 145 146
243 137 136 146
244 137 146 147
245 138 137 147
246 138 147 148
247 139 138 148
248 139 148 149
249 140 139 149
250 140 149 150
251 141 140 150
252 141 150 151
253 142 141 151
254 142 151 152
255 143 142 152
