127.0.0.1: 1337
WORLD:1920.0:1067.0
PROJECTOR2:1024:768:1280:0
VERTICES=289
0 177.000 0.000 0.000000 0.000000 1.000000
1 224.438 0.000 44.444443 0.000000 1.000000
2 271.875 0.000 88.888886 0.000000 1.000000
3 319.313 0.000 133.333325 0.000000 1.000000
4 366.750 0.000 177.777772 0.000000 1.000000
5 414.188 2.500 222.222204 0.000000 1.000000
6 461.625 5.000 266.666651 0.000000 1.000000
7 509.063 7.500 311.111097 0.000000 1.000000
8 556.500 15.000 355.555544 0.000000 1.000000
9 607.438 45.000 399.999962 0.000000 1.000000
10 657.375 62.000 444.444408 0.000000 1.000000
11 709.313 71.000 488.888855 0.000000 1.000000
12 726.250 75.000 533.333302 0.000000 1.000000
13 775.188 90.750 573.090248 0.000000 1.000000
14 790.125 96.500 612.847195 0.000000 1.000000
15 809.063 103.250 652.604141 0.000000 1.000000
16 820.000 109.000 692.361088 0.000000 1.000000
17 177.000 45.875 0.000000 66.687500 1.000000
18 224.438 45.875 44.444443 66.687500 1.000000
19 271.875 45.875 88.888886 66.687500 1.000000
20 319.313 45.875 133.333325 66.687500 1.000000
21 366.750 45.875 177.777772 66.687500 1.000000
22 414.188 47.750 222.222204 66.687500 1.000000
23 461.625 49.625 266.666651 66.687500 1.000000
24 509.063 51.500 311.111097 66.687500 1.000000
25 556.500 53.375 355.555544 66.687500 1.000000
26 610.531 69.031 399.999962 66.687500 1.000000
27 664.563 84.688 444.444408 66.687500 1.000000
28 715.594 100.344 488.888855 66.687500 1.000000
29 750.625 117.000 533.333302 66.687500 1.000000
30 796.594 125.719 573.715210 66.687500 1.000000
31 811.563 129.438 614.097176 66.687500 1.000000
32 833.531 136.156 654.479141 66.687500 1.000000
33 845.500 142.875 694.861050 66.687500 1.000000
34 177.000 91.750 0.000000 133.375000 1.000000
35 224.438 91.750 44.444443 133.375000 1.000000
36 271.875 91.750 88.888886 133.375000 1.000000
37 319.313 91.750 133.333325 133.375000 1.000000
38 366.750 91.750 177.777772 133.375000 1.000000
39 414.188 93.000 222.222204 133.375000 1.000000
40 461.625 94.250 266.666651 133.375000 1.000000
41 509.063 95.500 311.111097 133.375000 1.000000
42 556.500 96.750 355.555544 133.375000 1.000000
43 613.625 109.062 399.999962 133.375000 1.000000
44 670.750 121.375 444.444408 133.375000 1.000000
45 727.875 133.688 488.888855 133.375000 1.000000
46 766.000 147.000 533.333302 133.375000 1.000000
47 811.000 156.687 574.340229 133.375000 1.000000
48 827.000 161.375 615.347157 133.375000 1.000000
49 852.000 169.062 656.354084 133.375000 1.000000
50 861.000 176.750 697.361012 133.375000 1.000000
51 177.000 137.625 0.000000 200.062500 1.000000
52 224.438 137.625 44.444443 200.062500 1.000000
53 271.875 137.625 88.888886 200.062500 1.000000
54 319.313 137.625 133.333325 200.062500 1.000000
55 366.750 137.625 177.777772 200.062500 1.000000
56 414.188 138.250 222.222204 200.062500 1.000000
57 461.625 138.875 266.666651 200.062500 1.000000
58 509.063 139.500 311.111097 200.062500 1.000000
59 556.500 140.125 355.555544 200.062500 1.000000
60 616.719 149.094 399.999962 200.062500 1.000000
61 676.938 158.062 444.444408 200.062500 1.000000
62 737.156 167.031 488.888855 200.062500 1.000000
63 780.375 184.000 533.333302 200.062500 1.000000
64 824.406 188.656 574.965248 200.062500 1.000000
65 839.438 193.312 616.597137 200.062500 1.000000
66 865.469 201.969 658.229027 200.062500 1.000000
67 881.500 210.625 699.860973 200.062500 1.000000
68 177.000 183.500 0.000000 266.750000 1.000000
69 224.438 183.500 44.444443 266.750000 1.000000
70 271.875 183.500 88.888886 266.750000 1.000000
71 319.313 183.500 133.333325 266.750000 1.000000
72 366.750 183.500 177.777772 266.750000 1.000000
73 414.188 183.500 222.222204 266.750000 1.000000
74 461.625 183.500 266.666651 266.750000 1.000000
75 509.063 183.500 311.111097 266.750000 1.000000
76 556.500 183.500 355.555544 266.750000 1.000000
77 619.813 189.125 399.999962 266.750000 1.000000
78 683.125 194.750 444.444408 266.750000 1.000000
79 746.438 200.375 488.888855 266.750000 1.000000
80 788.750 215.000 533.333302 266.750000 1.000000
81 833.813 223.625 575.590210 266.750000 1.000000
82 846.875 225.250 617.847118 266.750000 1.000000
83 874.938 233.875 660.104027 266.750000 1.000000
84 902.000 244.500 702.360935 266.750000 1.000000
85 177.000 229.375 0.000000 333.437500 1.000000
86 224.438 229.375 44.444443 333.437500 1.000000
87 271.875 229.375 88.888886 333.437500 1.000000
88 319.313 229.375 133.333325 333.437500 1.000000
89 366.750 229.375 177.777772 333.437500 1.000000
90 414.188 229.375 222.222204 333.437500 1.000000
91 461.625 229.375 266.666651 333.437500 1.000000
92 509.063 229.375 311.111097 333.437500 1.000000
93 556.500 229.375 355.555544 333.437500 1.000000
94 620.281 233.594 399.999962 333.437500 1.000000
95 684.063 237.812 444.444408 333.437500 1.000000
96 747.844 242.031 488.888855 333.437500 1.000000
97 801.625 250.250 533.333302 333.437500 1.000000
98 836.906 259.281 576.215172 333.437500 1.000000
99 852.188 264.312 619.097099 333.437500 1.000000
100 882.469 273.344 661.979027 333.437500 1.000000
101 908.750 282.375 704.860897 333.437500 1.000000
102 177.000 275.250 0.000000 400.125000 1.000000
103 224.438 275.250 44.444443 400.125000 1.000000
104 271.875 275.250 88.888886 400.125000 1.000000
105 319.313 275.250 133.333325 400.125000 1.000000
106 366.750 275.250 177.777772 400.125000 1.000000
107 414.188 275.250 222.222204 400.125000 1.000000
108 461.625 275.250 266.666651 400.125000 1.000000
109 509.063 275.250 311.111097 400.125000 1.000000
110 556.500 275.250 355.555544 400.125000 1.000000
111 620.750 278.062 399.999962 400.125000 1.000000
112 685.000 280.875 444.444408 400.125000 1.000000
113 749.250 283.687 488.888855 400.125000 1.000000
114 804.500 290.500 533.333302 400.125000 1.000000
115 846.000 303.937 576.840191 400.125000 1.000000
116 856.500 303.375 620.347080 400.125000 1.000000
117 887.000 311.812 663.853970 400.125000 1.000000
118 921.500 320.250 707.360859 400.125000 1.000000
119 177.000 321.125 0.000000 466.812500 1.000000
120 224.438 321.125 44.444443 466.812500 1.000000
121 271.875 321.125 88.888886 466.812500 1.000000
122 319.313 321.125 133.333325 466.812500 1.000000
123 366.750 321.125 177.777772 466.812500 1.000000
124 414.188 321.125 222.222204 466.812500 1.000000
125 461.625 321.125 266.666651 466.812500 1.000000
126 509.063 321.125 311.111097 466.812500 1.000000
127 556.500 321.125 355.555544 466.812500 1.000000
128 621.219 322.531 399.999962 466.812500 1.000000
129 685.938 323.937 444.444408 466.812500 1.000000
130 750.656 325.344 488.888855 466.812500 1.000000
131 808.375 330.750 533.333302 466.812500 1.000000
132 845.094 338.594 577.465210 466.812500 1.000000
133 857.813 342.437 621.597061 466.812500 1.000000
134 887.531 350.281 665.728912 466.812500 1.000000
135 932.250 358.125 709.860821 466.812500 1.000000
136 177.000 367.000 0.000000 533.500000 1.000000
137 224.438 367.000 44.444443 533.500000 1.000000
138 271.875 367.000 88.888886 533.500000 1.000000
139 319.313 367.000 133.333325 533.500000 1.000000
140 366.750 367.000 177.777772 533.500000 1.000000
141 414.188 367.000 222.222204 533.500000 1.000000
142 461.625 367.000 266.666651 533.500000 1.000000
143 509.063 367.000 311.111097 533.500000 1.000000
144 556.500 367.000 355.555544 533.500000 1.000000
145 621.688 367.000 399.999962 533.500000 1.000000
146 686.875 367.000 444.444408 533.500000 1.000000
147 752.063 367.000 488.888855 533.500000 1.000000
148 805.250 371.000 533.333302 533.500000 1.000000
149 845.188 378.250 578.090172 533.500000 1.000000
150 855.125 381.500 622.847042 533.500000 1.000000
151 887.063 388.750 667.603912 533.500000 1.000000
152 929.000 396.000 712.360783 533.500000 1.000000
153 177.000 417.125 0.000000 600.187500 1.000000
154 224.438 417.125 44.444443 600.187500 1.000000
155 271.875 417.125 88.888886 600.187500 1.000000
156 319.313 417.125 133.333325 600.187500 1.000000
157 366.750 417.125 177.777772 600.187500 1.000000
158 414.188 417.125 222.222204 600.187500 1.000000
159 461.625 417.125 266.666651 600.187500 1.000000
160 509.063 417.125 311.111097 600.187500 1.000000
161 556.500 417.125 355.555544 600.187500 1.000000
162 618.625 415.875 399.999962 600.187500 1.000000
163 680.750 414.625 444.444408 600.187500 1.000000
164 742.875 413.375 488.888855 600.187500 1.000000
165 798.000 416.125 533.333302 600.187500 1.000000
166 832.313 418.500 577.465210 600.187500 1.000000
167 849.625 424.875 621.597061 600.187500 1.000000
168 880.938 431.250 665.728912 600.187500 1.000000
169 924.250 437.625 709.860821 600.187500 1.000000
170 177.000 467.250 0.000000 666.875000 1.000000
171 224.438 467.250 44.444443 666.875000 1.000000
172 271.875 467.250 88.888886 666.875000 1.000000
173 319.313 467.250 133.333325 666.875000 1.000000
174 366.750 467.250 177.777772 666.875000 1.000000
175 414.188 467.250 222.222204 666.875000 1.000000
176 461.625 467.250 266.666651 666.875000 1.000000
177 509.063 467.250 311.111097 666.875000 1.000000
178 556.500 467.250 355.555544 666.875000 1.000000
179 615.563 464.750 399.999962 666.875000 1.000000
180 674.625 462.250 444.444408 666.875000 1.000000
181 733.688 459.750 488.888855 666.875000 1.000000
182 778.750 461.250 533.333302 666.875000 1.000000
183 819.438 462.750 576.840191 666.875000 1.000000
184 841.125 468.250 620.347080 666.875000 1.000000
185 869.813 473.750 663.853970 666.875000 1.000000
186 915.500 479.250 707.360859 666.875000 1.000000
187 177.000 517.375 0.000000 733.562500 1.000000
188 224.438 517.375 44.444443 733.562500 1.000000
189 271.875 517.375 88.888886 733.562500 1.000000
190 319.313 517.375 133.333325 733.562500 1.000000
191 366.750 517.375 177.777772 733.562500 1.000000
192 414.188 517.375 222.222204 733.562500 1.000000
193 461.625 517.375 266.666651 733.562500 1.000000
194 509.063 517.375 311.111097 733.562500 1.000000
195 556.500 517.375 355.555544 733.562500 1.000000
196 612.500 513.625 399.999962 733.562500 1.000000
197 668.500 509.875 444.444408 733.562500 1.000000
198 724.500 506.125 488.888855 733.562500 1.000000
199 766.500 506.375 533.333302 733.562500 1.000000
200 806.563 507.000 576.215172 733.562500 1.000000
201 826.625 511.625 619.097099 733.562500 1.000000
202 855.688 516.250 661.979027 733.562500 1.000000
203 902.750 520.875 704.860897 733.562500 1.000000
204 177.000 567.500 0.000000 800.250000 1.000000
205 224.438 567.500 44.444443 800.250000 1.000000
206 271.875 567.500 88.888886 800.250000 1.000000
207 319.313 567.500 133.333325 800.250000 1.000000
208 366.750 567.500 177.777772 800.250000 1.000000
209 414.188 567.500 222.222204 800.250000 1.000000
210 461.625 567.500 266.666651 800.250000 1.000000
211 509.063 567.500 311.111097 800.250000 1.000000
212 556.500 567.500 355.555544 800.250000 1.000000
213 609.438 562.500 399.999962 800.250000 1.000000
214 662.375 557.500 444.444408 800.250000 1.000000
215 715.313 552.500 488.888855 800.250000 1.000000
216 755.250 551.500 533.333302 800.250000 1.000000
217 793.688 551.250 575.590210 800.250000 1.000000
218 809.125 555.000 617.847118 800.250000 1.000000
219 835.563 559.750 660.104027 800.250000 1.000000
220 883.000 562.500 702.360935 800.250000 1.000000
221 177.000 617.625 0.000000 866.937500 1.000000
222 224.438 617.625 44.444443 866.937500 1.000000
223 271.875 617.625 88.888886 866.937500 1.000000
224 319.313 617.625 133.333325 866.937500 1.000000
225 366.750 617.625 177.777772 866.937500 1.000000
226 414.188 617.625 222.222204 866.937500 1.000000
227 461.625 617.625 266.666651 866.937500 1.000000
228 509.063 617.625 311.111097 866.937500 1.000000
229 556.500 617.625 355.555544 866.937500 1.000000
230 601.750 611.688 399.999962 866.937500 1.000000
231 647.000 605.750 444.444408 866.937500 1.000000
232 692.250 599.813 488.888855 866.937500 1.000000
233 723.500 597.875 533.333302 866.937500 1.000000
234 761.188 597.000 574.965248 866.937500 1.000000
235 784.875 600.125 616.597137 866.937500 1.000000
236 813.563 603.250 658.229027 866.937500 1.000000
237 862.250 606.375 699.860973 866.937500 1.000000
238 177.000 667.750 0.000000 933.625000 1.000000
239 224.438 667.750 44.444443 933.625000 1.000000
240 271.875 667.750 88.888886 933.625000 1.000000
241 319.313 667.750 133.333325 933.625000 1.000000
242 366.750 667.750 177.777772 933.625000 1.000000
243 414.188 667.750 222.222204 933.625000 1.000000
244 461.625 667.750 266.666651 933.625000 1.000000
245 509.063 667.750 311.111097 933.625000 1.000000
246 556.500 667.750 355.555544 933.625000 1.000000
247 594.063 660.875 399.999962 933.625000 1.000000
248 631.625 654.000 444.444408 933.625000 1.000000
249 669.188 647.125 488.888855 933.625000 1.000000
250 692.750 644.250 533.333302 933.625000 1.000000
251 728.688 642.750 574.340229 933.625000 1.000000
252 750.625 645.250 615.347157 933.625000 1.000000
253 787.563 647.750 656.354084 933.625000 1.000000
254 828.500 650.250 697.361012 933.625000 1.000000
255 177.000 717.875 0.000000 1000.312500 1.000000
256 224.438 717.875 44.444443 1000.312500 1.000000
257 271.875 717.875 88.888886 1000.312500 1.000000
258 319.313 717.875 133.333325 1000.312500 1.000000
259 366.750 717.875 177.777772 1000.312500 1.000000
260 414.188 717.875 222.222204 1000.312500 1.000000
261 461.625 717.875 266.666651 1000.312500 1.000000
262 509.063 717.875 311.111097 1000.312500 1.000000
263 556.500 717.875 355.555544 1000.312500 1.000000
264 586.375 710.063 399.999962 1000.312500 1.000000
265 616.250 702.250 444.444408 1000.312500 1.000000
266 646.125 694.438 488.888855 1000.312500 1.000000
267 662.000 690.625 533.333302 1000.312500 1.000000
268 696.188 688.500 573.715210 1000.312500 1.000000
269 716.375 690.375 614.097176 1000.312500 1.000000
270 749.563 692.250 654.479141 1000.312500 1.000000
271 756.750 694.125 694.861050 1000.312500 1.000000
272 177.000 768.000 0.000000 1067.000000 1.000000
273 224.438 768.000 44.444443 1067.000000 1.000000
274 271.875 768.000 88.888886 1067.000000 1.000000
275 319.313 768.000 133.333325 1067.000000 1.000000
276 366.750 768.000 177.777772 1067.000000 1.000000
277 414.188 768.000 222.222204 1067.000000 1.000000
278 461.625 768.000 266.666651 1067.000000 1.000000
279 509.063 768.000 311.111097 1067.000000 1.000000
280 556.500 768.000 355.555544 1067.000000 1.000000
281 578.688 759.250 399.999962 1067.000000 1.000000
282 600.875 750.500 444.444408 1067.000000 1.000000
283 623.063 741.750 488.888855 1067.000000 1.000000
284 631.250 737.000 533.333302 1067.000000 1.000000
285 663.688 734.251 573.090248 1067.000000 1.000000
286 682.125 735.501 612.847195 1067.000000 1.000000
287 702.563 736.750 652.604141 1067.000000 1.000000
288 719.000 738.000 692.361088 1067.000000 1.000000
TRIANGLES=512
0 0 17 18
1 1 0 18
2 1 18 19
3 2 1 19
4 2 19 20
5 3 2 20
6 3 20 21
7 4 3 21
8 4 21 22
9 5 4 22
10 5 22 23
11 6 5 23
12 6 23 24
13 7 6 24
14 7 24 25
15 8 7 25
16 8 25 26
17 9 8 26
18 9 26 27
19 10 9 27
20 10 27 28
21 11 10 28
22 11 28 29
23 12 11 29
24 12 29 30
25 13 12 30
26 13 30 31
27 14 13 31
28 14 31 32
29 15 14 32
30 15 32 33
31 16 15 33
32 17 34 35
33 18 17 35
34 18 35 36
35 19 18 36
36 19 36 37
37 20 19 37
38 20 37 38
39 21 20 38
40 21 38 39
41 22 21 39
42 22 39 40
43 23 22 40
44 23 40 41
45 24 23 41
46 24 41 42
47 25 24 42
48 25 42 43
49 26 25 43
50 26 43 44
51 27 26 44
52 27 44 45
53 28 27 45
54 28 45 46
55 29 28 46
56 29 46 47
57 30 29 47
58 30 47 48
59 31 30 48
60 31 48 49
61 32 31 49
62 32 49 50
63 33 32 50
64 34 51 52
65 35 34 52
66 35 52 53
67 36 35 53
68 36 53 54
69 37 36 54
70 37 54 55
71 38 37 55
72 38 55 56
73 39 38 56
74 39 56 57
75 40 39 57
76 40 57 58
77 41 40 58
78 41 58 59
79 42 41 59
80 42 59 60
81 43 42 60
82 43 60 61
83 44 43 61
84 44 61 62
85 45 44 62
86 45 62 63
87 46 45 63
88 46 63 64
89 47 46 64
90 47 64 65
91 48 47 65
92 48 65 66
93 49 48 66
94 49 66 67
95 50 49 67
96 51 68 69
97 52 51 69
98 52 69 70
99 53 52 70
100 53 70 71
101 54 53 71
102 54 71 72
103 55 54 72
104 55 72 73
105 56 55 73
106 56 73 74
107 57 56 74
108 57 74 75
109 58 57 75
110 58 75 76
111 59 58 76
112 59 76 77
113 60 59 77
114 60 77 78
115 61 60 78
116 61 78 79
117 62 61 79
118 62 79 80
119 63 62 80
120 63 80 81
121 64 63 81
122 64 81 82
123 65 64 82
124 65 82 83
125 66 65 83
126 66 83 84
127 67 66 84
128 68 85 86
129 69 68 86
130 69 86 87
131 70 69 87
132 70 87 88
133 71 70 88
134 71 88 89
135 72 71 89
136 72 89 90
137 73 72 90
138 73 90 91
139 74 73 91
140 74 91 92
141 75 74 92
142 75 92 93
143 76 75 93
144 76 93 94
145 77 76 94
146 77 94 95
147 78 77 95
148 78 95 96
149 79 78 96
150 79 96 97
151 80 79 97
152 80 97 98
153 81 80 98
154 81 98 99
155 82 81 99
156 82 99 100
157 83 82 100
158 83 100 101
159 84 83 101
160 85 102 103
161 86 85 103
162 86 103 104
163 87 86 104
164 87 104 105
165 88 87 105
166 88 105 106
167 89 88 106
168 89 106 107
169 90 89 107
170 90 107 108
171 91 90 108
172 91 108 109
173 92 91 109
174 92 109 110
175 93 92 110
176 93 110 111
177 94 93 111
178 94 111 112
179 95 94 112
180 95 112 113
181 96 95 113
182 96 113 114
183 97 96 114
184 97 114 115
185 98 97 115
186 98 115 116
187 99 98 116
188 99 116 117
189 100 99 117
190 100 117 118
191 101 100 118
192 102 119 120
193 103 102 120
194 103 120 121
195 104 103 121
196 104 121 122
197 105 104 122
198 105 122 123
199 106 105 123
200 106 123 124
201 107 106 124
202 107 124 125
203 108 107 125
204 108 125 126
205 109 108 126
206 109 126 127
207 110 109 127
208 110 127 128
209 111 110 128
210 111 128 129
211 112 111 129
212 112 129 130
213 113 112 130
214 113 130 131
215 114 113 131
216 114 131 132
217 115 114 132
218 115 132 133
219 116 115 133
220 116 133 134
221 117 116 134
222 117 134 135
223 118 117 135
224 119 136 137
225 120 119 137
226 120 137 138
227 121 120 138
228 121 138 139
229 122 121 139
230 122 139 140
231 123 122 140
232 123 140 141
233 124 123 141
234 124 141 142
235 125 124 142
236 125 142 143
237 126 125 143
238 126 143 144
239 127 126 144
240 127 144 145
241 128 127 145
242 128 145 146
243 129 128 146
244 129 146 147
245 130 129 147
246 130 147 148
247 131 130 148
248 131 148 149
249 132 131 149
250 132 149 150
251 133 132 150
252 133 150 151
253 134 133 151
254 134 151 152
255 135 134 152
256 136 153 154
257 137 136 154
258 137 154 155
259 138 137 155
260 138 155 156
261 139 138 156
262 139 156 157
263 140 139 157
264 140 157 158
265 141 140 158
266 141 158 159
267 142 141 159
268 142 159 160
269 143 142 160
270 143 160 161
271 144 143 161
272 144 161 162
273 145 144 162
274 145 162 163
275 146 145 163
276 146 163 164
277 147 146 164
278 147 164 165
279 148 147 165
280 148 165 166
281 149 148 166
282 149 166 167
283 150 149 167
284 150 167 168
285 151 150 168
286 151 168 169
287 152 151 169
288 153 170 171
289 154 153 171
290 154 171 172
291 155 154 172
292 155 172 173
293 156 155 173
294 156 173 174
295 157 156 174
296 157 174 175
297 158 157 175
298 158 175 176
299 159 158 176
300 159 176 177
301 160 159 177
302 160 177 178
303 161 160 178
304 161 178 179
305 162 161 179
306 162 179 180
307 163 162 180
308 163 180 181
309 164 163 181
310 164 181 182
311 165 164 182
312 165 182 183
313 166 165 183
314 166 183 184
315 167 166 184
316 167 184 185
317 168 167 185
318 168 185 186
319 169 168 186
320 170 187 188
321 171 170 188
322 171 188 189
323 172 171 189
324 172 189 190
325 173 172 190
326 173 190 191
327 174 173 191
328 174 191 192
329 175 174 192
330 175 192 193
331 176 175 193
332 176 193 194
333 177 176 194
334 177 194 195
335 178 177 195
336 178 195 196
337 179 178 196
338 179 196 197
339 180 179 197
340 180 197 198
341 181 180 198
342 181 198 199
343 182 181 199
344 182 199 200
345 183 182 200
346 183 200 201
347 184 183 201
348 184 201 202
349 185 184 202
350 185 202 203
351 186 185 203
352 187 204 205
353 188 187 205
354 188 205 206
355 189 188 206
356 189 206 207
357 190 189 207
358 190 207 208
359 191 190 208
360 191 208 209
361 192 191 209
362 192 209 210
363 193 192 210
364 193 210 211
365 194 193 211
366 194 211 212
367 195 194 212
368 195 212 213
369 196 195 213
370 196 213 214
371 197 196 214
372 197 214 215
373 198 197 215
374 198 215 216
375 199 198 216
376 199 216 217
377 200 199 217
378 200 217 218
379 201 200 218
380 201 218 219
381 202 201 219
382 202 219 220
383 203 202 220
384 204 221 222
385 205 204 222
386 205 222 223
387 206 205 223
388 206 223 224
389 207 206 224
390 207 224 225
391 208 207 225
392 208 225 226
393 209 208 226
394 209 226 227
395 210 209 227
396 210 227 228
397 211 210 228
398 211 228 229
399 212 211 229
400 212 229 230
401 213 212 230
402 213 230 231
403 214 213 231
404 214 231 232
405 215 214 232
406 215 232 233
407 216 215 233
408 216 233 234
409 217 216 234
410 217 234 235
411 218 217 235
412 218 235 236
413 219 218 236
414 219 236 237
415 220 219 237
416 221 238 239
417 222 221 239
418 222 239 240
419 223 222 240
420 223 240 241
421 224 223 241
422 224 241 242
423 225 224 242
424 225 242 243
425 226 225 243
426 226 243 244
427 227 226 244
428 227 244 245
429 228 227 245
430 228 245 246
431 229 228 246
432 229 246 247
433 230 229 247
434 230 247 248
435 231 230 248
436 231 248 249
437 232 231 249
438 232 249 250
439 233 232 250
440 233 250 251
441 234 233 251
442 234 251 252
443 235 234 252
444 235 252 253
445 236 235 253
446 236 253 254
447 237 236 254
448 238 255 256
449 239 238 256
450 239 256 257
451 240 239 257
452 240 257 258
453 241 240 258
454 241 258 259
455 242 241 259
456 242 259 260
457 243 242 260
458 243 260 261
459 244 243 261
460 244 261 262
461 245 244 262
462 245 262 263
463 246 245 263
464 246 263 264
465 247 246 264
466 247 264 265
467 248 247 265
468 248 265 266
469 249 248 266
470 249 266 267
471 250 249 267
472 250 267 268
473 251 250 268
474 251 268 269
475 252 251 269
476 252 269 270
477 253 252 270
478 253 270 271
479 254 253 271
480 255 272 273
481 256 255 273
482 256 273 274
483 257 256 274
484 257 274 275
485 258 257 275
486 258 275 276
487 259 258 276
488 259 276 277
489 260 259 277
490 260 277 278
491 261 260 278
492 261 278 279
493 262 261 279
494 262 279 280
495 263 262 280
496 263 280 281
497 264 263 281
498 264 281 282
499 265 264 282
500 265 282 283
501 266 265 283
502 266 283 284
503 267 266 284
504 267 284 285
505 268 267 285
506 268 285 286
507 269 268 286
508 269 286 287
509 270 269 287
510 270 287 288
511 271 270 288
