127.0.0.1: 1338
WORLD:1024.0:768.0
PROJECTOR2:1024:768:2304:0
VERTICES=561
0 244.000 117.000 375.977631 171.104130 1.000000
1 287.688 87.750 398.547668 168.054188 1.000000
2 324.375 69.500 420.828766 163.806507 1.000000
3 344.063 57.250 445.743103 161.645164 1.000000
4 384.750 43.000 470.657410 159.483856 1.000000
5 424.188 30.000 492.321747 157.322536 1.000000
6 470.625 22.000 511.986053 155.881645 1.000000
7 519.063 16.500 533.650452 152.999851 1.000000
8 555.500 10.000 552.314819 152.999851 1.000000
9 603.938 1.500 570.979187 152.999851 1.000000
10 651.375 0.000 589.643555 152.999851 1.000000
11 698.813 0.000 608.307861 152.999851 1.000000
12 746.250 0.000 626.972229 152.999851 1.000000
13 783.688 0.000 645.636597 152.999851 1.000000
14 821.125 0.000 664.300903 152.999851 1.000000
15 858.563 0.000 682.965271 152.999851 1.000000
16 896.000 0.000 701.629639 152.999851 1.000000
17 236.625 140.031 372.688812 189.119717 1.000000
18 275.281 107.945 398.014343 186.458748 1.000000
19 308.938 96.859 420.028778 182.687553 1.000000
20 333.594 84.086 445.343109 180.593754 1.000000
21 383.250 69.313 470.657410 178.499989 1.000000
22 416.813 53.188 492.321747 176.406212 1.000000
23 469.986 40.937 511.986053 175.010342 1.000000
24 518.513 36.719 533.650452 172.218601 1.000000
25 556.500 32.500 552.314819 172.218601 1.000000
26 603.938 28.250 570.979187 172.218601 1.000000
27 651.375 24.000 589.643555 172.218601 1.000000
28 698.813 24.000 608.307861 172.218601 1.000000
29 746.250 24.000 626.972229 172.218601 1.000000
30 783.688 24.000 645.636597 172.218601 1.000000
31 821.125 24.000 664.300903 172.218601 1.000000
32 858.563 24.000 682.965271 172.218601 1.000000
33 896.000 24.000 701.629639 172.218601 1.000000
34 220.250 159.063 370.288849 207.135269 1.000000
35 265.875 124.141 396.414368 204.863319 1.000000
36 299.500 115.219 419.228790 201.568588 1.000000
37 322.125 105.922 444.943085 199.542343 1.000000
38 377.750 92.625 470.657410 197.516121 1.000000
39 409.438 75.375 492.321747 195.489876 1.000000
40 468.866 61.875 511.986053 194.139038 1.000000
41 517.755 54.938 533.650452 191.437363 1.000000
42 556.500 48.000 552.314819 191.437363 1.000000
43 603.938 48.000 570.979187 191.437363 1.000000
44 651.375 48.000 589.643555 191.437363 1.000000
45 698.813 48.000 608.307861 191.437363 1.000000
46 746.250 48.000 626.972229 191.437363 1.000000
47 783.688 48.000 645.636597 191.437363 1.000000
48 821.125 48.000 664.300903 191.437363 1.000000
49 858.563 48.000 682.965271 191.437363 1.000000
50 896.000 48.000 701.629639 191.437363 1.000000
51 204.375 184.094 368.422211 225.150856 1.000000
52 252.594 143.336 397.214355 223.267868 1.000000
53 290.813 134.578 418.962128 220.449646 1.000000
54 317.281 123.758 444.809784 218.490921 1.000000
55 375.750 109.938 470.657410 216.532242 1.000000
56 404.063 97.563 492.321747 214.573540 1.000000
57 467.745 82.813 511.986053 213.267746 1.000000
58 516.820 77.406 533.650452 210.656113 1.000000
59 556.500 72.000 552.314819 210.656113 1.000000
60 603.938 72.000 570.979187 210.656113 1.000000
61 651.375 72.000 589.643555 210.656113 1.000000
62 698.813 72.000 608.307861 210.656113 1.000000
63 746.250 72.000 626.972229 210.656113 1.000000
64 783.688 72.000 645.636597 210.656113 1.000000
65 821.125 72.000 664.300903 210.656113 1.000000
66 858.563 72.000 682.965271 210.656113 1.000000
67 896.000 72.000 701.629639 210.656113 1.000000
68 202.500 194.125 368.688843 243.166420 1.000000
69 240.313 168.531 396.947693 241.672440 1.000000
70 274.125 154.938 418.695465 239.330704 1.000000
71 310.438 145.594 444.676453 237.439522 1.000000
72 373.750 132.250 470.657410 235.548386 1.000000
73 401.688 124.750 492.321747 233.657227 1.000000
74 466.357 108.750 511.986053 232.396454 1.000000
75 515.678 104.875 533.650452 229.874863 1.000000
76 556.500 101.000 552.314819 229.874863 1.000000
77 603.938 101.000 570.979187 229.874863 1.000000
78 651.375 101.000 589.643555 229.874863 1.000000
79 698.813 101.000 608.307861 229.874863 1.000000
80 746.250 101.000 626.972229 229.874863 1.000000
81 783.688 101.000 645.636597 229.874863 1.000000
82 821.125 101.000 664.300903 229.874863 1.000000
83 858.563 101.000 682.965271 229.874863 1.000000
84 896.000 101.000 701.629639 229.874863 1.000000
85 187.625 224.157 371.266632 261.182007 1.000000
86 233.531 188.227 396.547699 260.077011 1.000000
87 266.438 178.297 418.162140 258.211739 1.000000
88 304.094 171.430 444.409790 256.388123 1.000000
89 370.750 157.563 470.657410 254.564507 1.000000
90 397.688 141.938 492.321747 252.740891 1.000000
91 465.443 125.813 511.986053 251.525139 1.000000
92 514.928 122.906 533.650452 249.093613 1.000000
93 556.500 120.000 552.314819 249.093613 1.000000
94 603.938 120.000 570.979187 249.093613 1.000000
95 651.375 120.000 589.643555 249.093613 1.000000
96 698.813 120.000 608.307861 249.093613 1.000000
97 746.250 120.000 626.972229 249.093613 1.000000
98 783.688 120.000 645.636597 249.093613 1.000000
99 821.125 120.000 664.300903 249.093613 1.000000
100 858.563 120.000 682.965271 249.093613 1.000000
101 896.000 120.000 701.629639 249.093613 1.000000
102 181.750 244.188 370.466644 279.197571 1.000000
103 225.750 208.922 396.147675 278.481560 1.000000
104 259.750 199.656 417.628815 277.092773 1.000000
105 298.750 191.266 444.143127 275.336700 1.000000
106 363.750 174.875 470.657410 273.580627 1.000000
107 394.688 166.125 492.321747 271.824554 1.000000
108 464.263 147.875 511.986053 270.653847 1.000000
109 513.970 145.937 533.650452 268.312386 1.000000
110 556.500 144.000 552.314819 268.312386 1.000000
111 603.938 144.000 570.979187 268.312386 1.000000
112 651.375 144.000 589.643555 268.312386 1.000000
113 698.813 144.000 608.307861 268.312386 1.000000
114 746.250 144.000 626.972229 268.312386 1.000000
115 783.688 144.000 645.636597 268.312386 1.000000
116 821.125 144.000 664.300903 268.312386 1.000000
117 858.563 144.000 682.965271 268.312386 1.000000
118 896.000 144.000 701.629639 268.312386 1.000000
119 174.375 264.219 370.555542 297.213158 1.000000
120 218.094 235.617 395.747711 296.886131 1.000000
121 251.813 223.016 417.095490 295.973831 1.000000
122 294.031 217.102 443.876465 294.285278 1.000000
123 358.250 205.188 470.657410 292.596771 1.000000
124 395.438 186.313 492.321747 290.908241 1.000000
125 463.082 169.937 511.986053 289.782532 1.000000
126 513.011 168.969 533.650452 287.531136 1.000000
127 556.500 168.000 552.314819 287.531136 1.000000
128 603.938 168.000 570.979187 287.531136 1.000000
129 651.375 168.000 589.643555 287.531136 1.000000
130 698.813 168.000 608.307861 287.531136 1.000000
131 746.250 168.000 626.972229 287.531136 1.000000
132 783.688 168.000 645.636597 287.531136 1.000000
133 821.125 168.000 664.300903 287.531136 1.000000
134 858.563 168.000 682.965271 287.531136 1.000000
135 896.000 168.000 701.629639 287.531136 1.000000
136 171.000 288.250 373.133301 315.228722 1.000000
137 213.438 253.313 395.347717 315.290680 1.000000
138 247.875 241.375 416.562164 314.854889 1.000000
139 291.313 233.938 443.609802 313.233879 1.000000
140 355.750 222.500 470.657410 311.612892 1.000000
141 394.188 208.500 492.321747 309.991905 1.000000
142 461.901 192.000 511.986053 308.911240 1.000000
143 512.053 192.000 533.650452 306.749886 1.000000
144 556.500 192.000 552.314819 306.749886 1.000000
145 603.938 192.000 570.979187 306.749886 1.000000
146 651.375 192.000 589.643555 306.749886 1.000000
147 698.813 192.000 608.307861 306.749886 1.000000
148 746.250 192.000 626.972229 306.749886 1.000000
149 783.688 192.000 645.636597 306.749886 1.000000
150 821.125 192.000 664.300903 306.749886 1.000000
151 858.563 192.000 682.965271 306.749886 1.000000
152 896.000 192.000 701.629639 306.749886 1.000000
153 168.750 305.281 372.866638 333.244286 1.000000
154 204.750 281.008 394.993561 333.695251 1.000000
155 243.750 262.735 416.120483 333.735924 1.000000
156 289.000 251.774 443.451477 332.182480 1.000000
157 353.250 240.813 470.782410 330.629013 1.000000
158 389.938 230.688 492.446747 329.075569 1.000000
159 460.617 216.000 512.111084 328.039948 1.000000
160 511.055 216.000 533.775452 325.968636 1.000000
161 556.500 216.000 552.439819 325.968636 1.000000
162 603.938 216.000 571.104187 325.968636 1.000000
163 651.375 216.000 589.768555 325.968636 1.000000
164 698.813 216.000 608.432861 325.968636 1.000000
165 746.250 216.000 627.097229 325.968636 1.000000
166 783.688 216.000 645.761597 325.968636 1.000000
167 821.125 216.000 664.425903 325.968636 1.000000
168 858.563 216.000 683.090271 325.968636 1.000000
169 896.000 216.000 701.754639 325.968636 1.000000
170 166.500 325.313 372.599976 351.259872 1.000000
171 199.063 298.703 394.639374 352.099823 1.000000
172 241.625 285.094 415.678833 352.616959 1.000000
173 286.688 274.610 443.293121 351.131058 1.000000
174 353.750 266.125 470.907410 349.645157 1.000000
175 387.688 252.875 492.571747 348.159256 1.000000
176 459.332 240.000 512.236084 347.168633 1.000000
177 510.057 240.000 533.900452 345.187386 1.000000
178 556.500 240.000 552.564819 345.187386 1.000000
179 603.938 240.000 571.229187 345.187386 1.000000
180 651.375 240.000 589.893555 345.187386 1.000000
181 698.813 240.000 608.557861 345.187386 1.000000
182 746.250 240.000 627.222229 345.187386 1.000000
183 783.688 240.000 645.886597 345.187386 1.000000
184 821.125 240.000 664.550903 345.187386 1.000000
185 858.563 240.000 683.215271 345.187386 1.000000
186 896.000 240.000 701.879639 345.187386 1.000000
187 164.750 344.344 372.333313 369.275436 1.000000
188 199.500 313.399 394.285248 370.504349 1.000000
189 241.250 300.453 415.237183 371.498016 1.000000
190 286.250 291.446 443.134796 370.079613 1.000000
191 351.250 279.438 471.032410 368.661278 1.000000
192 386.938 272.063 492.696747 367.242920 1.000000
193 458.048 264.000 512.361084 366.297340 1.000000
194 509.058 264.000 534.025452 364.406158 1.000000
195 556.500 264.000 552.689819 364.406158 1.000000
196 603.938 264.000 571.354187 364.406158 1.000000
197 651.375 264.000 590.018555 364.406158 1.000000
198 698.813 264.000 608.682861 364.406158 1.000000
199 746.250 264.000 627.347229 364.406158 1.000000
200 783.688 264.000 646.011597 364.406158 1.000000
201 821.125 264.000 664.675903 364.406158 1.000000
202 858.563 264.000 683.340271 364.406158 1.000000
203 896.000 264.000 702.004639 364.406158 1.000000
204 164.000 361.375 372.066620 387.291000 1.000000
205 197.938 336.094 393.931091 388.908966 1.000000
206 239.875 323.813 414.795532 390.379074 1.000000
207 285.813 316.282 442.976471 389.028259 1.000000
208 349.750 307.750 471.157410 387.677399 1.000000
209 383.188 297.250 492.821747 386.326584 1.000000
210 456.763 288.000 512.486084 385.426025 1.000000
211 508.060 288.000 534.150452 383.624908 1.000000
212 556.500 288.000 552.814819 383.624908 1.000000
213 603.938 288.000 571.479187 383.624908 1.000000
214 651.375 288.000 590.143555 383.624908 1.000000
215 698.813 288.000 608.807861 383.624908 1.000000
216 746.250 288.000 627.472229 383.624908 1.000000
217 783.688 288.000 646.136597 383.624908 1.000000
218 821.125 288.000 664.800903 383.624908 1.000000
219 858.563 288.000 683.465271 383.624908 1.000000
220 896.000 288.000 702.129639 383.624908 1.000000
221 163.750 381.406 371.799988 405.306610 1.000000
222 197.250 355.789 393.576935 407.313492 1.000000
223 238.750 343.172 414.353882 409.260132 1.000000
224 284.000 331.118 442.818146 407.976837 1.000000
225 349.250 323.063 471.282410 406.693542 1.000000
226 381.438 319.438 492.946747 405.410248 1.000000
227 455.479 312.000 512.611084 404.554733 1.000000
228 507.061 312.000 534.275452 402.843658 1.000000
229 556.500 312.000 552.939819 402.843658 1.000000
230 603.938 312.000 571.604187 402.843658 1.000000
231 651.375 312.000 590.268555 402.843658 1.000000
232 698.813 312.000 608.932861 402.843658 1.000000
233 746.250 312.000 627.597229 402.843658 1.000000
234 783.688 312.000 646.261597 402.843658 1.000000
235 821.125 312.000 664.925903 402.843658 1.000000
236 858.563 312.000 683.590271 402.843658 1.000000
237 896.000 312.000 702.254639 402.843658 1.000000
238 165.500 405.438 371.533325 423.322174 1.000000
239 196.563 378.485 393.222778 425.718063 1.000000
240 239.625 364.532 413.912231 428.141144 1.000000
241 285.188 357.954 442.659821 426.925415 1.000000
242 348.750 349.375 471.407410 425.709686 1.000000
243 380.688 341.625 493.071747 424.493912 1.000000
244 454.194 336.000 512.736084 423.683441 1.000000
245 506.063 336.000 534.400452 422.062408 1.000000
246 556.500 336.000 553.064819 422.062408 1.000000
247 603.938 336.000 571.729187 422.062408 1.000000
248 651.375 336.000 590.393555 422.062408 1.000000
249 698.813 336.000 609.057861 422.062408 1.000000
250 746.250 336.000 627.722229 422.062408 1.000000
251 783.688 336.000 646.386597 422.062408 1.000000
252 821.125 336.000 665.050903 422.062408 1.000000
253 858.563 336.000 683.715271 422.062408 1.000000
254 896.000 336.000 702.379639 422.062408 1.000000
255 166.250 425.469 371.266663 441.337738 1.000000
256 197.375 398.180 392.868622 444.122635 1.000000
257 239.500 383.891 413.470581 447.022202 1.000000
258 285.375 370.790 442.501495 445.873993 1.000000
259 348.250 365.688 471.532410 444.725784 1.000000
260 382.438 363.813 493.196747 443.577621 1.000000
261 452.910 360.000 512.861084 442.812149 1.000000
262 505.065 360.000 534.525452 441.281158 1.000000
263 556.500 360.000 553.189819 441.281158 1.000000
264 603.938 360.000 571.854187 441.281158 1.000000
265 651.375 360.000 590.518555 441.281158 1.000000
266 698.813 360.000 609.182861 441.281158 1.000000
267 746.250 360.000 627.847229 441.281158 1.000000
268 783.688 360.000 646.511597 441.281158 1.000000
269 821.125 360.000 665.175903 441.281158 1.000000
270 858.563 360.000 683.840271 441.281158 1.000000
271 896.000 360.000 702.504639 441.281158 1.000000
272 170.000 445.501 371.000000 459.353302 1.000000
273 198.188 417.876 392.514465 462.527206 1.000000
274 239.375 403.250 413.028931 465.903259 1.000000
275 286.563 395.625 442.343170 464.822571 1.000000
276 346.750 387.000 471.657410 463.741928 1.000000
277 384.188 386.000 493.321747 462.661285 1.000000
278 451.625 384.000 512.986084 461.940857 1.000000
279 504.066 384.000 534.650452 460.499908 1.000000
280 556.500 384.000 553.314819 460.499908 1.000000
281 603.938 384.000 571.979187 460.499908 1.000000
282 651.375 384.000 590.643555 460.499908 1.000000
283 698.813 384.000 609.307861 460.499908 1.000000
284 746.250 384.000 627.972229 460.499908 1.000000
285 783.688 384.000 646.636597 460.499908 1.000000
286 821.125 384.000 665.300903 460.499908 1.000000
287 858.563 384.000 683.965271 460.499908 1.000000
288 896.000 384.000 702.629639 460.499908 1.000000
289 175.875 466.532 371.266663 477.368866 1.000000
290 201.844 437.571 392.687195 480.931778 1.000000
291 242.813 419.610 413.107727 484.784271 1.000000
292 288.531 411.461 442.320038 483.771194 1.000000
293 349.250 408.313 471.532410 482.758072 1.000000
294 385.938 408.188 493.196747 481.744949 1.000000
295 451.341 408.000 512.861084 481.069519 1.000000
296 506.068 408.000 534.525452 479.718658 1.000000
297 556.500 408.000 553.189819 479.718658 1.000000
298 603.938 408.000 571.854187 479.718658 1.000000
299 651.375 408.000 590.518555 479.718658 1.000000
300 698.813 408.000 609.182861 479.718658 1.000000
301 746.250 408.000 627.847229 479.718658 1.000000
302 783.688 408.000 646.511597 479.718658 1.000000
303 821.125 408.000 665.175903 479.718658 1.000000
304 858.563 408.000 683.840271 479.718658 1.000000
305 896.000 408.000 702.504639 479.718658 1.000000
306 178.750 484.563 371.533325 495.384476 1.000000
307 205.500 457.266 392.859924 499.336304 1.000000
308 247.250 435.969 413.186523 503.665329 1.000000
309 289.500 431.297 442.296967 502.719772 1.000000
310 350.750 429.626 471.407410 501.774170 1.000000
311 387.688 430.376 493.071747 500.828613 1.000000
312 452.056 432.000 512.736084 500.198227 1.000000
313 507.069 432.000 534.400452 498.937408 1.000000
314 556.500 432.000 553.064819 498.937408 1.000000
315 603.938 432.000 571.729187 498.937408 1.000000
316 651.375 432.000 590.393555 498.937408 1.000000
317 698.813 432.000 609.057861 498.937408 1.000000
318 746.250 432.000 627.722229 498.937408 1.000000
319 783.688 432.000 646.386597 498.937408 1.000000
320 821.125 432.000 665.050903 498.937408 1.000000
321 858.563 432.000 683.715271 498.937408 1.000000
322 896.000 432.000 702.379639 498.937408 1.000000
323 186.625 504.594 371.799988 513.400040 1.000000
324 209.406 475.962 393.165985 517.740875 1.000000
325 255.188 464.329 413.531952 522.546387 1.000000
326 292.719 457.133 442.407227 521.668350 1.000000
327 351.250 450.938 471.282410 520.790314 1.000000
328 385.938 452.563 492.946747 519.912277 1.000000
329 455.771 456.000 512.611084 519.326935 1.000000
330 508.071 456.000 534.275452 518.156204 1.000000
331 556.500 456.000 552.939819 518.156204 1.000000
332 603.938 456.000 571.604187 518.156204 1.000000
333 651.375 456.000 590.268555 518.156204 1.000000
334 698.813 456.000 608.932861 518.156204 1.000000
335 746.250 456.000 627.597229 518.156204 1.000000
336 783.688 456.000 646.261597 518.156204 1.000000
337 821.125 456.000 664.925903 518.156204 1.000000
338 858.563 456.000 683.590271 518.156204 1.000000
339 896.000 456.000 702.254639 518.156204 1.000000
340 191.500 518.626 372.066620 531.415604 1.000000
341 213.313 497.657 393.472046 536.145447 1.000000
342 257.125 482.688 413.877472 541.427444 1.000000
343 298.938 479.969 442.517456 540.616974 1.000000
344 357.750 477.251 471.157410 539.806458 1.000000
345 388.188 474.751 492.821747 538.995941 1.000000
346 456.487 480.000 512.486084 538.455643 1.000000
347 508.073 480.000 534.150452 537.374954 1.000000
348 556.500 480.000 552.814819 537.374954 1.000000
349 603.938 480.000 571.479187 537.374954 1.000000
350 651.375 480.000 590.143555 537.374954 1.000000
351 698.813 480.000 608.807861 537.374954 1.000000
352 746.250 480.000 627.472229 537.374954 1.000000
353 783.688 480.000 646.136597 537.374954 1.000000
354 821.125 480.000 664.800903 537.374954 1.000000
355 858.563 480.000 683.465271 537.374954 1.000000
356 896.000 480.000 702.129639 537.374954 1.000000
357 199.125 539.657 372.333313 549.431168 1.000000
358 220.031 516.352 393.778137 554.550018 1.000000
359 261.938 501.047 414.222961 560.308502 1.000000
360 300.594 494.805 442.627655 559.565552 1.000000
361 360.250 499.563 471.032410 558.822556 1.000000
362 391.438 496.938 492.696747 558.079651 1.000000
363 459.202 504.000 512.361084 557.584351 1.000000
364 509.074 504.000 534.025452 556.593704 1.000000
365 556.500 504.000 552.689819 556.593704 1.000000
366 603.938 504.000 571.354187 556.593704 1.000000
367 651.375 504.000 590.018555 556.593704 1.000000
368 698.813 504.000 608.682861 556.593704 1.000000
369 746.250 504.000 627.347229 556.593704 1.000000
370 783.688 504.000 646.011597 556.593704 1.000000
371 821.125 504.000 664.675903 556.593704 1.000000
372 858.563 504.000 683.340271 556.593704 1.000000
373 896.000 504.000 702.004639 556.593704 1.000000
374 208.750 556.688 372.599976 567.446777 1.000000
375 226.750 532.047 394.084198 572.954590 1.000000
376 269.750 519.407 414.568420 579.189514 1.000000
377 305.250 515.641 442.737915 578.514130 1.000000
378 362.750 516.876 470.907410 577.838699 1.000000
379 393.688 519.126 492.571747 577.163315 1.000000
380 462.918 528.000 512.236084 576.713013 1.000000
381 510.076 528.000 533.900452 575.812454 1.000000
382 556.500 528.000 552.564819 575.812454 1.000000
383 603.938 528.000 571.229187 575.812454 1.000000
384 651.375 528.000 589.893555 575.812454 1.000000
385 698.813 528.000 608.557861 575.812454 1.000000
386 746.250 528.000 627.222229 575.812454 1.000000
387 783.688 528.000 645.886597 575.812454 1.000000
388 821.125 528.000 664.550903 575.812454 1.000000
389 858.563 528.000 683.215271 575.812454 1.000000
390 896.000 528.000 701.879639 575.812454 1.000000
391 222.375 575.719 372.866638 585.462341 1.000000
392 234.219 551.743 394.390259 591.359116 1.000000
393 274.063 539.766 414.913879 598.070572 1.000000
394 309.906 536.477 442.848145 597.462708 1.000000
395 366.750 540.188 470.782410 596.854843 1.000000
396 398.688 541.313 492.446747 596.246979 1.000000
397 464.633 552.000 512.111084 595.841721 1.000000
398 512.077 552.000 533.775452 595.031204 1.000000
399 556.500 552.000 552.439819 595.031204 1.000000
400 603.938 552.000 571.104187 595.031204 1.000000
401 651.375 552.000 589.768555 595.031204 1.000000
402 698.813 552.000 608.432861 595.031204 1.000000
403 746.250 552.000 627.097229 595.031204 1.000000
404 783.688 552.000 645.761597 595.031204 1.000000
405 821.125 552.000 664.425903 595.031204 1.000000
406 858.563 552.000 683.090271 595.031204 1.000000
407 896.000 552.000 701.754639 595.031204 1.000000
408 234.000 593.751 373.133301 603.477905 1.000000
409 243.688 571.438 394.696350 609.763687 1.000000
410 280.375 558.126 415.259369 616.951630 1.000000
411 314.563 554.313 442.958374 616.411285 1.000000
412 371.750 560.501 470.657410 615.870941 1.000000
413 403.688 563.501 492.321747 615.330643 1.000000
414 470.349 576.000 511.986053 614.970428 1.000000
415 514.079 576.000 533.650452 614.249954 1.000000
416 556.500 576.000 552.314819 614.249954 1.000000
417 603.938 576.000 570.979187 614.249954 1.000000
418 651.375 576.000 589.643555 614.249954 1.000000
419 698.813 576.000 608.307861 614.249954 1.000000
420 746.250 576.000 626.972229 614.249954 1.000000
421 783.688 576.000 645.636597 614.249954 1.000000
422 821.125 576.000 664.300903 614.249954 1.000000
423 858.563 576.000 682.965271 614.249954 1.000000
424 896.000 576.000 701.629639 614.249954 1.000000
425 247.750 613.782 373.399963 621.493469 1.000000
426 254.250 591.134 395.077759 628.168259 1.000000
427 285.750 579.485 415.755554 635.832642 1.000000
428 322.000 578.149 443.206482 635.359909 1.000000
429 377.250 581.813 470.657410 634.887085 1.000000
430 406.938 585.688 492.321747 634.414307 1.000000
431 472.178 597.875 511.986053 634.099136 1.000000
432 515.125 598.938 533.650452 633.468704 1.000000
433 556.500 600.000 552.314819 633.468704 1.000000
434 603.938 600.000 570.979187 633.468704 1.000000
435 651.375 600.000 589.643555 633.468704 1.000000
436 698.813 600.000 608.307861 633.468704 1.000000
437 746.250 600.000 626.972229 633.468704 1.000000
438 783.688 600.000 645.636597 633.468704 1.000000
439 821.125 600.000 664.300903 633.468704 1.000000
440 858.563 600.000 682.965271 633.468704 1.000000
441 896.000 600.000 701.629639 633.468704 1.000000
442 263.500 631.813 373.666626 639.509033 1.000000
443 266.813 610.829 395.459167 646.572830 1.000000
444 292.125 598.844 416.251678 654.713699 1.000000
445 329.438 598.985 443.454559 654.308487 1.000000
446 381.750 609.126 470.657410 653.903229 1.000000
447 413.188 607.876 492.321747 653.497971 1.000000
448 476.007 619.750 511.986053 653.227844 1.000000
449 519.171 621.875 533.650452 652.687454 1.000000
450 556.500 624.000 552.314819 652.687454 1.000000
451 603.938 624.000 570.979187 652.687454 1.000000
452 651.375 624.000 589.643555 652.687454 1.000000
453 698.813 624.000 608.307861 652.687454 1.000000
454 746.250 624.000 626.972229 652.687454 1.000000
455 783.688 624.000 645.636597 652.687454 1.000000
456 821.125 624.000 664.300903 652.687454 1.000000
457 858.563 624.000 682.965271 652.687454 1.000000
458 896.000 624.000 701.629639 652.687454 1.000000
459 276.250 649.844 373.933289 657.524643 1.000000
460 280.875 630.524 395.973938 664.977402 1.000000
461 303.500 618.204 417.014557 673.594757 1.000000
462 338.125 619.821 443.835999 673.257065 1.000000
463 395.750 630.438 470.657410 672.919373 1.000000
464 419.688 630.063 492.321747 672.581635 1.000000
465 477.837 641.625 511.986053 672.356506 1.000000
466 520.216 644.813 533.650452 671.906204 1.000000
467 556.500 648.000 552.314819 671.906204 1.000000
468 603.938 648.000 570.979187 671.906204 1.000000
469 651.375 648.000 589.643555 671.906204 1.000000
470 698.813 648.000 608.307861 671.906204 1.000000
471 746.250 648.000 626.972229 671.906204 1.000000
472 783.688 648.000 645.636597 671.906204 1.000000
473 821.125 648.000 664.300903 671.906204 1.000000
474 858.563 648.000 682.965271 671.906204 1.000000
475 896.000 648.000 701.629639 671.906204 1.000000
476 289.000 661.876 374.199921 675.540207 1.000000
477 292.938 649.220 396.488678 683.381927 1.000000
478 316.875 639.563 417.777405 692.475815 1.000000
479 350.813 649.657 444.217407 692.205688 1.000000
480 396.750 653.751 470.657410 691.935471 1.000000
481 425.188 652.251 492.321747 691.665344 1.000000
482 482.666 663.500 511.986053 691.485214 1.000000
483 522.262 667.750 533.650452 691.124954 1.000000
484 556.500 672.000 552.314819 691.124954 1.000000
485 603.938 672.000 570.979187 691.124954 1.000000
486 651.375 672.000 589.643555 691.124954 1.000000
487 698.813 672.000 608.307861 691.124954 1.000000
488 746.250 672.000 626.972229 691.124954 1.000000
489 783.688 672.000 645.636597 691.124954 1.000000
490 821.125 672.000 664.300903 691.124954 1.000000
491 858.563 672.000 682.965271 691.124954 1.000000
492 896.000 672.000 701.629639 691.124954 1.000000
493 300.750 672.907 374.466614 693.555771 1.000000
494 306.313 668.915 397.003418 701.786499 1.000000
495 332.875 674.923 418.540253 711.356873 1.000000
496 361.688 676.493 444.598816 711.154266 1.000000
497 407.500 680.063 470.657410 710.951614 1.000000
498 431.625 674.438 492.321747 710.749008 1.000000
499 485.562 684.125 511.986053 710.613922 1.000000
500 525.334 690.062 533.650452 710.343704 1.000000
501 556.500 696.000 552.314819 710.343704 1.000000
502 603.938 696.000 570.979187 710.343704 1.000000
503 651.375 696.000 589.643555 710.343704 1.000000
504 698.813 696.000 608.307861 710.343704 1.000000
505 746.250 696.000 626.972229 710.343704 1.000000
506 783.688 696.000 645.636597 710.343704 1.000000
507 821.125 696.000 664.300903 710.343704 1.000000
508 858.563 696.000 682.965271 710.343704 1.000000
509 896.000 696.000 701.629639 710.343704 1.000000
510 312.500 689.939 374.733276 711.571335 1.000000
511 321.688 683.611 397.518188 720.191071 1.000000
512 351.875 698.282 419.303101 730.237885 1.000000
513 370.563 693.329 444.980255 730.102844 1.000000
514 419.250 695.376 470.657410 729.967758 1.000000
515 434.063 696.626 492.321747 729.832672 1.000000
516 487.458 704.750 511.986053 729.742630 1.000000
517 526.406 712.375 533.650452 729.562500 1.000000
518 556.500 720.000 552.314819 729.562500 1.000000
519 603.938 720.000 570.979187 729.562500 1.000000
520 651.375 720.000 589.643555 729.562500 1.000000
521 698.813 720.000 608.307861 729.562500 1.000000
522 746.250 720.000 626.972229 729.562500 1.000000
523 783.688 720.000 645.636597 729.562500 1.000000
524 821.125 720.000 664.300903 729.562500 1.000000
525 858.563 720.000 682.965271 729.562500 1.000000
526 896.000 720.000 701.629639 729.562500 1.000000
527 320.750 708.970 374.999939 729.586945 1.000000
528 340.188 706.306 398.166229 738.595642 1.000000
529 366.625 713.641 420.332581 749.118942 1.000000
530 380.313 707.165 445.494995 749.051422 1.000000
531 429.000 717.688 470.657410 748.983856 1.000000
532 439.250 718.813 492.321747 748.916336 1.000000
533 492.354 725.375 511.986053 748.871292 1.000000
534 529.478 734.688 533.650452 748.781250 1.000000
535 556.500 744.000 552.314819 748.781250 1.000000
536 603.938 744.000 570.979187 748.781250 1.000000
537 651.375 744.000 589.643555 748.781250 1.000000
538 698.813 744.000 608.307861 748.781250 1.000000
539 746.250 744.000 626.972229 748.781250 1.000000
540 783.688 744.000 645.636597 748.781250 1.000000
541 821.125 744.000 664.300903 748.781250 1.000000
542 858.563 744.000 682.965271 748.781250 1.000000
543 896.000 744.000 701.629639 748.781250 1.000000
544 331.000 724.001 375.799927 747.602509 1.000000
545 351.688 720.001 398.814331 757.000214 1.000000
546 377.375 729.001 421.362091 768.000000 1.000000
547 390.063 733.001 446.009766 768.000000 1.000000
548 440.750 738.001 470.657410 768.000000 1.000000
549 456.438 741.001 492.321747 768.000000 1.000000
550 497.036 750.001 511.986053 768.000000 1.000000
551 534.549 757.000 533.650452 768.000000 1.000000
552 556.500 768.000 552.314819 768.000000 1.000000
553 603.938 768.000 570.979187 768.000000 1.000000
554 651.375 768.000 589.643555 768.000000 1.000000
555 698.813 768.000 608.307861 768.000000 1.000000
556 746.250 768.000 626.972229 768.000000 1.000000
557 783.688 768.000 645.636597 768.000000 1.000000
558 821.125 768.000 664.300903 768.000000 1.000000
559 858.563 768.000 682.965271 768.000000 1.000000
560 896.000 768.000 701.629639 768.000000 1.000000
TRIANGLES=1024
0 0 17 18
1 1 0 18
2 1 18 19
3 2 1 19
4 2 19 20
5 3 2 20
6 3 20 21
7 4 3 21
8 4 21 22
9 5 4 22
10 5 22 23
11 6 5 23
12 6 23 24
13 7 6 24
14 7 24 25
15 8 7 25
16 8 25 26
17 9 8 26
18 9 26 27
19 10 9 27
20 10 27 28
21 11 10 28
22 11 28 29
23 12 11 29
24 12 29 30
25 13 12 30
26 13 30 31
27 14 13 31
28 14 31 32
29 15 14 32
30 15 32 33
31 16 15 33
32 17 34 35
33 18 17 35
34 18 35 36
35 19 18 36
36 19 36 37
37 20 19 37
38 20 37 38
39 21 20 38
40 21 38 39
41 22 21 39
42 22 39 40
43 23 22 40
44 23 40 41
45 24 23 41
46 24 41 42
47 25 24 42
48 25 42 43
49 26 25 43
50 26 43 44
51 27 26 44
52 27 44 45
53 28 27 45
54 28 45 46
55 29 28 46
56 29 46 47
57 30 29 47
58 30 47 48
59 31 30 48
60 31 48 49
61 32 31 49
62 32 49 50
63 33 32 50
64 34 51 52
65 35 34 52
66 35 52 53
67 36 35 53
68 36 53 54
69 37 36 54
70 37 54 55
71 38 37 55
72 38 55 56
73 39 38 56
74 39 56 57
75 40 39 57
76 40 57 58
77 41 40 58
78 41 58 59
79 42 41 59
80 42 59 60
81 43 42 60
82 43 60 61
83 44 43 61
84 44 61 62
85 45 44 62
86 45 62 63
87 46 45 63
88 46 63 64
89 47 46 64
90 47 64 65
91 48 47 65
92 48 65 66
93 49 48 66
94 49 66 67
95 50 49 67
96 51 68 69
97 52 51 69
98 52 69 70
99 53 52 70
100 53 70 71
101 54 53 71
102 54 71 72
103 55 54 72
104 55 72 73
105 56 55 73
106 56 73 74
107 57 56 74
108 57 74 75
109 58 57 75
110 58 75 76
111 59 58 76
112 59 76 77
113 60 59 77
114 60 77 78
115 61 60 78
116 61 78 79
117 62 61 79
118 62 79 80
119 63 62 80
120 63 80 81
121 64 63 81
122 64 81 82
123 65 64 82
124 65 82 83
125 66 65 83
126 66 83 84
127 67 66 84
128 68 85 86
129 69 68 86
130 69 86 87
131 70 69 87
132 70 87 88
133 71 70 88
134 71 88 89
135 72 71 89
136 72 89 90
137 73 72 90
138 73 90 91
139 74 73 91
140 74 91 92
141 75 74 92
142 75 92 93
143 76 75 93
144 76 93 94
145 77 76 94
146 77 94 95
147 78 77 95
148 78 95 96
149 79 78 96
150 79 96 97
151 80 79 97
152 80 97 98
153 81 80 98
154 81 98 99
155 82 81 99
156 82 99 100
157 83 82 100
158 83 100 101
159 84 83 101
160 85 102 103
161 86 85 103
162 86 103 104
163 87 86 104
164 87 104 105
165 88 87 105
166 88 105 106
167 89 88 106
168 89 106 107
169 90 89 107
170 90 107 108
171 91 90 108
172 91 108 109
173 92 91 109
174 92 109 110
175 93 92 110
176 93 110 111
177 94 93 111
178 94 111 112
179 95 94 112
180 95 112 113
181 96 95 113
182 96 113 114
183 97 96 114
184 97 114 115
185 98 97 115
186 98 115 116
187 99 98 116
188 99 116 117
189 100 99 117
190 100 117 118
191 101 100 118
192 102 119 120
193 103 102 120
194 103 120 121
195 104 103 121
196 104 121 122
197 105 104 122
198 105 122 123
199 106 105 123
200 106 123 124
201 107 106 124
202 107 124 125
203 108 107 125
204 108 125 126
205 109 108 126
206 109 126 127
207 110 109 127
208 110 127 128
209 111 110 128
210 111 128 129
211 112 111 129
212 112 129 130
213 113 112 130
214 113 130 131
215 114 113 131
216 114 131 132
217 115 114 132
218 115 132 133
219 116 115 133
220 116 133 134
221 117 116 134
222 117 134 135
223 118 117 135
224 119 136 137
225 120 119 137
226 120 137 138
227 121 120 138
228 121 138 139
229 122 121 139
230 122 139 140
231 123 122 140
232 123 140 141
233 124 123 141
234 124 141 142
235 125 124 142
236 125 142 143
237 126 125 143
238 126 143 144
239 127 126 144
240 127 144 145
241 128 127 145
242 128 145 146
243 129 128 146
244 129 146 147
245 130 129 147
246 130 147 148
247 131 130 148
248 131 148 149
249 132 131 149
250 132 149 150
251 133 132 150
252 133 150 151
253 134 133 151
254 134 151 152
255 135 134 152
256 136 153 154
257 137 136 154
258 137 154 155
259 138 137 155
260 138 155 156
261 139 138 156
262 139 156 157
263 140 139 157
264 140 157 158
265 141 140 158
266 141 158 159
267 142 141 159
268 142 159 160
269 143 142 160
270 143 160 161
271 144 143 161
272 144 161 162
273 145 144 162
274 145 162 163
275 146 145 163
276 146 163 164
277 147 146 164
278 147 164 165
279 148 147 165
280 148 165 166
281 149 148 166
282 149 166 167
283 150 149 167
284 150 167 168
285 151 150 168
286 151 168 169
287 152 151 169
288 153 170 171
289 154 153 171
290 154 171 172
291 155 154 172
292 155 172 173
293 156 155 173
294 156 173 174
295 157 156 174
296 157 174 175
297 158 157 175
298 158 175 176
299 159 158 176
300 159 176 177
301 160 159 177
302 160 177 178
303 161 160 178
304 161 178 179
305 162 161 179
306 162 179 180
307 163 162 180
308 163 180 181
309 164 163 181
310 164 181 182
311 165 164 182
312 165 182 183
313 166 165 183
314 166 183 184
315 167 166 184
316 167 184 185
317 168 167 185
318 168 185 186
319 169 168 186
320 170 187 188
321 171 170 188
322 171 188 189
323 172 171 189
324 172 189 190
325 173 172 190
326 173 190 191
327 174 173 191
328 174 191 192
329 175 174 192
330 175 192 193
331 176 175 193
332 176 193 194
333 177 176 194
334 177 194 195
335 178 177 195
336 178 195 196
337 179 178 196
338 179 196 197
339 180 179 197
340 180 197 198
341 181 180 198
342 181 198 199
343 182 181 199
344 182 199 200
345 183 182 200
346 183 200 201
347 184 183 201
348 184 201 202
349 185 184 202
350 185 202 203
351 186 185 203
352 187 204 205
353 188 187 205
354 188 205 206
355 189 188 206
356 189 206 207
357 190 189 207
358 190 207 208
359 191 190 208
360 191 208 209
361 192 191 209
362 192 209 210
363 193 192 210
364 193 210 211
365 194 193 211
366 194 211 212
367 195 194 212
368 195 212 213
369 196 195 213
370 196 213 214
371 197 196 214
372 197 214 215
373 198 197 215
374 198 215 216
375 199 198 216
376 199 216 217
377 200 199 217
378 200 217 218
379 201 200 218
380 201 218 219
381 202 201 219
382 202 219 220
383 203 202 220
384 204 221 222
385 205 204 222
386 205 222 223
387 206 205 223
388 206 223 224
389 207 206 224
390 207 224 225
391 208 207 225
392 208 225 226
393 209 208 226
394 209 226 227
395 210 209 227
396 210 227 228
397 211 210 228
398 211 228 229
399 212 211 229
400 212 229 230
401 213 212 230
402 213 230 231
403 214 213 231
404 214 231 232
405 215 214 232
406 215 232 233
407 216 215 233
408 216 233 234
409 217 216 234
410 217 234 235
411 218 217 235
412 218 235 236
413 219 218 236
414 219 236 237
415 220 219 237
416 221 238 239
417 222 221 239
418 222 239 240
419 223 222 240
420 223 240 241
421 224 223 241
422 224 241 242
423 225 224 242
424 225 242 243
425 226 225 243
426 226 243 244
427 227 226 244
428 227 244 245
429 228 227 245
430 228 245 246
431 229 228 246
432 229 246 247
433 230 229 247
434 230 247 248
435 231 230 248
436 231 248 249
437 232 231 249
438 232 249 250
439 233 232 250
440 233 250 251
441 234 233 251
442 234 251 252
443 235 234 252
444 235 252 253
445 236 235 253
446 236 253 254
447 237 236 254
448 238 255 256
449 239 238 256
450 239 256 257
451 240 239 257
452 240 257 258
453 241 240 258
454 241 258 259
455 242 241 259
456 242 259 260
457 243 242 260
458 243 260 261
459 244 243 261
460 244 261 262
461 245 244 262
462 245 262 263
463 246 245 263
464 246 263 264
465 247 246 264
466 247 264 265
467 248 247 265
468 248 265 266
469 249 248 266
470 249 266 267
471 250 249 267
472 250 267 268
473 251 250 268
474 251 268 269
475 252 251 269
476 252 269 270
477 253 252 270
478 253 270 271
479 254 253 271
480 255 272 273
481 256 255 273
482 256 273 274
483 257 256 274
484 257 274 275
485 258 257 275
486 258 275 276
487 259 258 276
488 259 276 277
489 260 259 277
490 260 277 278
491 261 260 278
492 261 278 279
493 262 261 279
494 262 279 280
495 263 262 280
496 263 280 281
497 264 263 281
498 264 281 282
499 265 264 282
500 265 282 283
501 266 265 283
502 266 283 284
503 267 266 284
504 267 284 285
505 268 267 285
506 268 285 286
507 269 268 286
508 269 286 287
509 270 269 287
510 270 287 288
511 271 270 288
512 272 289 290
513 273 272 290
514 273 290 291
515 274 273 291
516 274 291 292
517 275 274 292
518 275 292 293
519 276 275 293
520 276 293 294
521 277 276 294
522 277 294 295
523 278 277 295
524 278 295 296
525 279 278 296
526 279 296 297
527 280 279 297
528 280 297 298
529 281 280 298
530 281 298 299
531 282 281 299
532 282 299 300
533 283 282 300
534 283 300 301
535 284 283 301
536 284 301 302
537 285 284 302
538 285 302 303
539 286 285 303
540 286 303 304
541 287 286 304
542 287 304 305
543 288 287 305
544 289 306 307
545 290 289 307
546 290 307 308
547 291 290 308
548 291 308 309
549 292 291 309
550 292 309 310
551 293 292 310
552 293 310 311
553 294 293 311
554 294 311 312
555 295 294 312
556 295 312 313
557 296 295 313
558 296 313 314
559 297 296 314
560 297 314 315
561 298 297 315
562 298 315 316
563 299 298 316
564 299 316 317
565 300 299 317
566 300 317 318
567 301 300 318
568 301 318 319
569 302 301 319
570 302 319 320
571 303 302 320
572 303 320 321
573 304 303 321
574 304 321 322
575 305 304 322
576 306 323 324
577 307 306 324
578 307 324 325
579 308 307 325
580 308 325 326
581 309 308 326
582 309 326 327
583 310 309 327
584 310 327 328
585 311 310 328
586 311 328 329
587 312 311 329
588 312 329 330
589 313 312 330
590 313 330 331
591 314 313 331
592 314 331 332
593 315 314 332
594 315 332 333
595 316 315 333
596 316 333 334
597 317 316 334
598 317 334 335
599 318 317 335
600 318 335 336
601 319 318 336
602 319 336 337
603 320 319 337
604 320 337 338
605 321 320 338
606 321 338 339
607 322 321 339
608 323 340 341
609 324 323 341
610 324 341 342
611 325 324 342
612 325 342 343
613 326 325 343
614 326 343 344
615 327 326 344
616 327 344 345
617 328 327 345
618 328 345 346
619 329 328 346
620 329 346 347
621 330 329 347
622 330 347 348
623 331 330 348
624 331 348 349
625 332 331 349
626 332 349 350
627 333 332 350
628 333 350 351
629 334 333 351
630 334 351 352
631 335 334 352
632 335 352 353
633 336 335 353
634 336 353 354
635 337 336 354
636 337 354 355
637 338 337 355
638 338 355 356
639 339 338 356
640 340 357 358
641 341 340 358
642 341 358 359
643 342 341 359
644 342 359 360
645 343 342 360
646 343 360 361
647 344 343 361
648 344 361 362
649 345 344 362
650 345 362 363
651 346 345 363
652 346 363 364
653 347 346 364
654 347 364 365
655 348 347 365
656 348 365 366
657 349 348 366
658 349 366 367
659 350 349 367
660 350 367 368
661 351 350 368
662 351 368 369
663 352 351 369
664 352 369 370
665 353 352 370
666 353 370 371
667 354 353 371
668 354 371 372
669 355 354 372
670 355 372 373
671 356 355 373
672 357 374 375
673 358 357 375
674 358 375 376
675 359 358 376
676 359 376 377
677 360 359 377
678 360 377 378
679 361 360 378
680 361 378 379
681 362 361 379
682 362 379 380
683 363 362 380
684 363 380 381
685 364 363 381
686 364 381 382
687 365 364 382
688 365 382 383
689 366 365 383
690 366 383 384
691 367 366 384
692 367 384 385
693 368 367 385
694 368 385 386
695 369 368 386
696 369 386 387
697 370 369 387
698 370 387 388
699 371 370 388
700 371 388 389
701 372 371 389
702 372 389 390
703 373 372 390
704 374 391 392
705 375 374 392
706 375 392 393
707 376 375 393
708 376 393 394
709 377 376 394
710 377 394 395
711 378 377 395
712 378 395 396
713 379 378 396
714 379 396 397
715 380 379 397
716 380 397 398
717 381 380 398
718 381 398 399
719 382 381 399
720 382 399 400
721 383 382 400
722 383 400 401
723 384 383 401
724 384 401 402
725 385 384 402
726 385 402 403
727 386 385 403
728 386 403 404
729 387 386 404
730 387 404 405
731 388 387 405
732 388 405 406
733 389 388 406
734 389 406 407
735 390 389 407
736 391 408 409
737 392 391 409
738 392 409 410
739 393 392 410
740 393 410 411
741 394 393 411
742 394 411 412
743 395 394 412
744 395 412 413
745 396 395 413
746 396 413 414
747 397 396 414
748 397 414 415
749 398 397 415
750 398 415 416
751 399 398 416
752 399 416 417
753 400 399 417
754 400 417 418
755 401 400 418
756 401 418 419
757 402 401 419
758 402 419 420
759 403 402 420
760 403 420 421
761 404 403 421
762 404 421 422
763 405 404 422
764 405 422 423
765 406 405 423
766 406 423 424
767 407 406 424
768 408 425 426
769 409 408 426
770 409 426 427
771 410 409 427
772 410 427 428
773 411 410 428
774 411 428 429
775 412 411 429
776 412 429 430
777 413 412 430
778 413 430 431
779 414 413 431
780 414 431 432
781 415 414 432
782 415 432 433
783 416 415 433
784 416 433 434
785 417 416 434
786 417 434 435
787 418 417 435
788 418 435 436
789 419 418 436
790 419 436 437
791 420 419 437
792 420 437 438
793 421 420 438
794 421 438 439
795 422 421 439
796 422 439 440
797 423 422 440
798 423 440 441
799 424 423 441
800 425 442 443
801 426 425 443
802 426 443 444
803 427 426 444
804 427 444 445
805 428 427 445
806 428 445 446
807 429 428 446
808 429 446 447
809 430 429 447
810 430 447 448
811 431 430 448
812 431 448 449
813 432 431 449
814 432 449 450
815 433 432 450
816 433 450 451
817 434 433 451
818 434 451 452
819 435 434 452
820 435 452 453
821 436 435 453
822 436 453 454
823 437 436 454
824 437 454 455
825 438 437 455
826 438 455 456
827 439 438 456
828 439 456 457
829 440 439 457
830 440 457 458
831 441 440 458
832 442 459 460
833 443 442 460
834 443 460 461
835 444 443 461
836 444 461 462
837 445 444 462
838 445 462 463
839 446 445 463
840 446 463 464
841 447 446 464
842 447 464 465
843 448 447 465
844 448 465 466
845 449 448 466
846 449 466 467
847 450 449 467
848 450 467 468
849 451 450 468
850 451 468 469
851 452 451 469
852 452 469 470
853 453 452 470
854 453 470 471
855 454 453 471
856 454 471 472
857 455 454 472
858 455 472 473
859 456 455 473
860 456 473 474
861 457 456 474
862 457 474 475
863 458 457 475
864 459 476 477
865 460 459 477
866 460 477 478
867 461 460 478
868 461 478 479
869 462 461 479
870 462 479 480
871 463 462 480
872 463 480 481
873 464 463 481
874 464 481 482
875 465 464 482
876 465 482 483
877 466 465 483
878 466 483 484
879 467 466 484
880 467 484 485
881 468 467 485
882 468 485 486
883 469 468 486
884 469 486 487
885 470 469 487
886 470 487 488
887 471 470 488
888 471 488 489
889 472 471 489
890 472 489 490
891 473 472 490
892 473 490 491
893 474 473 491
894 474 491 492
895 475 474 492
896 476 493 494
897 477 476 494
898 477 494 495
899 478 477 495
900 478 495 496
901 479 478 496
902 479 496 497
903 480 479 497
904 480 497 498
905 481 480 498
906 481 498 499
907 482 481 499
908 482 499 500
909 483 482 500
910 483 500 501
911 484 483 501
912 484 501 502
913 485 484 502
914 485 502 503
915 486 485 503
916 486 503 504
917 487 486 504
918 487 504 505
919 488 487 505
920 488 505 506
921 489 488 506
922 489 506 507
923 490 489 507
924 490 507 508
925 491 490 508
926 491 508 509
927 492 491 509
928 493 510 511
929 494 493 511
930 494 511 512
931 495 494 512
932 495 512 513
933 496 495 513
934 496 513 514
935 497 496 514
936 497 514 515
937 498 497 515
938 498 515 516
939 499 498 516
940 499 516 517
941 500 499 517
942 500 517 518
943 501 500 518
944 501 518 519
945 502 501 519
946 502 519 520
947 503 502 520
948 503 520 521
949 504 503 521
950 504 521 522
951 505 504 522
952 505 522 523
953 506 505 523
954 506 523 524
955 507 506 524
956 507 524 525
957 508 507 525
958 508 525 526
959 509 508 526
960 510 527 528
961 511 510 528
962 511 528 529
963 512 511 529
964 512 529 530
965 513 512 530
966 513 530 531
967 514 513 531
968 514 531 532
969 515 514 532
970 515 532 533
971 516 515 533
972 516 533 534
973 517 516 534
974 517 534 535
975 518 517 535
976 518 535 536
977 519 518 536
978 519 536 537
979 520 519 537
980 520 537 538
981 521 520 538
982 521 538 539
983 522 521 539
984 522 539 540
985 523 522 540
986 523 540 541
987 524 523 541
988 524 541 542
989 525 524 542
990 525 542 543
991 526 525 543
992 527 544 545
993 528 527 545
994 528 545 546
995 529 528 546
996 529 546 547
997 530 529 547
998 530 547 548
999 531 530 548
1000 531 548 549
1001 532 531 549
1002 532 549 550
1003 533 532 550
1004 533 550 551
1005 534 533 551
1006 534 551 552
1007 535 534 552
1008 535 552 553
1009 536 535 553
1010 536 553 554
1011 537 536 554
1012 537 554 555
1013 538 537 555
1014 538 555 556
1015 539 538 556
1016 539 556 557
1017 540 539 557
1018 540 557 558
1019 541 540 558
1020 541 558 559
1021 542 541 559
1022 542 559 560
1023 543 542 560
