127.0.0.1: 1337
WORLD:1024.0:768.0
PROJECTOR1:1024:768:1280:0
VERTICES=561
0 287.000 148.000 0.000000 152.999851 1.000000
1 322.188 148.000 21.333336 152.999851 1.000000
2 357.375 148.000 42.666672 152.999851 1.000000
3 392.563 148.000 64.000008 152.999851 1.000000
4 427.750 148.000 85.333344 152.999851 1.000000
5 462.938 148.000 106.666672 152.999851 1.000000
6 498.125 148.000 128.000000 152.999851 1.000000
7 533.313 148.500 149.157364 152.999851 1.000000
8 636.500 150.000 170.314682 152.999851 1.000000
9 647.688 152.000 189.823959 155.881645 1.000000
10 659.875 152.000 211.333237 158.042976 1.000000
11 684.063 154.500 233.636169 160.924759 1.000000
12 712.250 154.000 257.939087 162.365650 1.000000
13 752.438 161.000 278.036285 164.526993 1.000000
14 793.625 171.000 320.133484 161.645153 1.000000
15 831.813 182.000 344.466827 155.870144 1.000000
16 876.000 200.000 373.911224 151.262569 1.000000
17 287.000 165.281 0.000000 172.218601 1.000000
18 323.125 165.281 21.333336 172.218601 1.000000
19 359.250 165.281 42.666672 172.218601 1.000000
20 395.375 165.281 64.000008 172.218601 1.000000
21 431.500 165.281 85.333344 172.218601 1.000000
22 467.625 165.281 106.666672 172.218601 1.000000
23 503.750 165.281 128.000000 172.218601 1.000000
24 539.875 165.766 149.174026 172.218601 1.000000
25 636.500 167.250 170.348053 172.218601 1.000000
26 653.125 169.156 189.847748 175.010342 1.000000
27 669.250 171.938 211.347427 177.104130 1.000000
28 694.375 170.828 233.934906 179.887127 1.000000
29 723.500 170.188 258.522400 181.291718 1.000000
30 764.625 179.656 278.594604 183.385529 1.000000
31 806.750 189.841 320.666779 180.593742 1.000000
32 845.875 204.844 345.000122 174.999207 1.000000
33 891.000 213.073 377.288940 169.941879 1.000000
34 287.000 182.563 0.000000 191.437363 1.000000
35 324.250 182.563 21.333336 191.437363 1.000000
36 361.500 182.563 42.666672 191.437363 1.000000
37 398.750 182.563 64.000008 191.437363 1.000000
38 436.000 182.563 85.333344 191.437363 1.000000
39 473.250 182.563 106.666672 191.437363 1.000000
40 510.500 182.563 128.000000 191.437363 1.000000
41 547.750 183.031 149.190704 191.437363 1.000000
42 636.500 184.500 170.381393 191.437363 1.000000
43 659.250 186.313 190.138153 194.139038 1.000000
44 680.500 188.875 211.894928 196.165283 1.000000
45 706.750 187.156 234.500336 198.849495 1.000000
46 737.000 186.375 259.105743 200.217796 1.000000
47 779.250 195.313 279.152924 202.244064 1.000000
48 822.500 204.683 321.200104 199.542343 1.000000
49 862.750 218.688 345.533478 194.128258 1.000000
50 909.000 226.145 376.400055 188.621178 1.000000
51 287.000 199.844 0.000000 210.656113 1.000000
52 325.125 199.844 21.333336 210.656113 1.000000
53 363.250 199.844 42.666672 210.656113 1.000000
54 401.375 199.844 64.000008 210.656113 1.000000
55 439.500 199.844 85.333344 210.656113 1.000000
56 477.625 199.844 106.666672 210.656113 1.000000
57 515.750 199.844 128.000000 210.656113 1.000000
58 553.875 200.297 149.207367 210.656113 1.000000
59 636.500 201.750 170.414734 210.656113 1.000000
60 671.125 203.469 190.428574 213.267746 1.000000
61 689.250 205.813 212.442459 215.226448 1.000000
62 716.375 203.485 235.065781 217.811852 1.000000
63 747.500 202.563 259.689087 219.143875 1.000000
64 790.625 210.969 279.711273 221.102577 1.000000
65 834.750 219.524 321.733429 218.490921 1.000000
66 875.875 232.531 346.066772 213.257309 1.000000
67 923.000 239.218 375.511169 207.300476 1.000000
68 287.000 217.125 0.000000 229.874863 1.000000
69 325.938 217.125 21.333336 229.874863 1.000000
70 364.875 217.125 42.666672 229.874863 1.000000
71 403.813 217.125 64.000008 229.874863 1.000000
72 442.750 217.125 85.333344 229.874863 1.000000
73 481.688 217.125 106.666672 229.874863 1.000000
74 520.625 217.125 128.000000 229.874863 1.000000
75 559.563 217.563 149.224030 229.874863 1.000000
76 636.500 219.000 170.448059 229.874863 1.000000
77 678.438 220.625 190.719025 232.396454 1.000000
78 697.375 222.750 212.989975 234.287613 1.000000
79 725.313 219.813 235.631195 236.774231 1.000000
80 757.250 218.750 260.272400 238.069931 1.000000
81 801.188 226.625 280.269592 239.961113 1.000000
82 846.125 234.365 322.266754 237.439499 1.000000
83 888.063 246.375 346.600098 232.386383 1.000000
84 936.000 252.290 374.622284 225.979797 1.000000
85 287.000 234.406 0.000000 249.093613 1.000000
86 326.516 234.406 21.333336 249.093613 1.000000
87 366.031 234.406 42.666672 249.093613 1.000000
88 405.547 234.406 64.000008 249.093613 1.000000
89 445.063 234.406 85.333344 249.093613 1.000000
90 484.578 234.406 106.666672 249.093613 1.000000
91 524.094 234.406 128.000000 249.093613 1.000000
92 563.609 234.828 149.240692 249.093613 1.000000
93 636.500 236.250 170.481400 249.093613 1.000000
94 683.641 237.781 191.009460 251.525139 1.000000
95 703.156 239.688 213.537506 253.348755 1.000000
96 731.672 236.141 236.196625 255.736588 1.000000
97 764.188 234.938 260.855743 256.996010 1.000000
98 808.703 242.282 280.827911 258.819649 1.000000
99 854.219 249.206 322.800079 256.388100 1.000000
100 896.734 260.219 347.133423 251.515434 1.000000
101 945.250 265.363 370.888977 244.659096 1.000000
102 287.000 251.688 0.000000 268.312386 1.000000
103 327.156 251.688 21.333336 268.312386 1.000000
104 367.313 251.688 42.666672 268.312386 1.000000
105 407.469 251.688 64.000008 268.312386 1.000000
106 447.625 251.688 85.333344 268.312386 1.000000
107 487.781 251.688 106.666672 268.312386 1.000000
108 527.938 251.688 128.000000 268.312386 1.000000
109 568.094 252.094 149.257370 268.312386 1.000000
110 636.500 253.500 170.514740 268.312386 1.000000
111 689.406 254.938 191.299866 270.653847 1.000000
112 709.563 256.625 214.085007 272.409920 1.000000
113 738.719 252.469 236.762054 274.698944 1.000000
114 771.875 251.125 261.439087 275.922089 1.000000
115 817.031 257.938 281.386261 277.678185 1.000000
116 863.188 264.047 323.333405 275.336700 1.000000
117 906.344 274.063 347.666779 270.644485 1.000000
118 955.500 278.435 370.000092 263.338394 1.000000
119 287.000 268.969 0.000000 287.531136 1.000000
120 327.672 268.969 21.333336 287.531136 1.000000
121 368.344 268.969 42.666672 287.531136 1.000000
122 409.016 268.969 64.000008 287.531136 1.000000
123 449.688 268.969 85.333344 287.531136 1.000000
124 490.359 268.969 106.666672 287.531136 1.000000
125 531.031 268.969 128.000000 287.531136 1.000000
126 571.703 269.360 149.274063 287.531136 1.000000
127 636.500 270.750 170.548080 287.531136 1.000000
128 694.047 272.094 191.590302 289.782532 1.000000
129 714.719 273.563 214.632523 291.471062 1.000000
130 744.391 268.797 237.327454 293.661324 1.000000
131 778.063 267.313 262.022400 294.848167 1.000000
132 823.734 273.594 281.944611 296.536720 1.000000
133 870.406 278.889 323.866730 294.285278 1.000000
134 914.078 287.907 348.200073 289.773560 1.000000
135 963.750 291.508 370.533386 282.017715 1.000000
136 287.000 286.250 0.000000 306.749886 1.000000
137 328.125 286.250 21.333336 306.749886 1.000000
138 369.250 286.250 42.666672 306.749886 1.000000
139 410.375 286.250 64.000008 306.749886 1.000000
140 451.500 286.250 85.333344 306.749886 1.000000
141 492.625 286.250 106.666672 306.749886 1.000000
142 533.750 286.250 128.000000 306.749886 1.000000
143 574.875 286.625 149.290710 306.749886 1.000000
144 636.500 288.000 170.581406 306.749886 1.000000
145 698.125 289.250 191.880753 308.911240 1.000000
146 719.250 290.500 215.180084 310.532227 1.000000
147 749.375 285.125 237.892883 312.623680 1.000000
148 783.500 283.500 262.605713 313.774246 1.000000
149 829.625 289.250 282.502869 315.395233 1.000000
150 876.750 293.730 324.400055 313.233856 1.000000
151 920.875 301.750 348.733398 308.902611 1.000000
152 971.000 304.580 371.066772 300.697014 1.000000
153 287.000 303.532 0.000000 325.968636 1.000000
154 328.398 303.532 21.333336 325.968636 1.000000
155 369.797 303.532 42.666672 325.968636 1.000000
156 411.195 303.532 64.000008 325.968636 1.000000
157 452.594 303.532 85.333344 325.968636 1.000000
158 493.992 303.532 106.666672 325.968636 1.000000
159 535.391 303.532 128.000000 325.968636 1.000000
160 576.789 303.891 149.307373 325.968636 1.000000
161 636.500 305.250 170.614761 325.968636 1.000000
162 700.586 306.407 192.171173 328.039948 1.000000
163 721.984 307.438 215.727585 329.593391 1.000000
164 752.383 301.454 238.458313 331.586037 1.000000
165 786.781 299.688 263.189056 332.700302 1.000000
166 833.180 304.907 283.061218 334.253769 1.000000
167 880.578 308.571 324.933380 332.182457 1.000000
168 924.977 315.594 349.266724 328.031662 1.000000
169 975.375 317.653 371.600067 319.376312 1.000000
170 287.000 320.813 0.000000 345.187386 1.000000
171 328.672 320.813 21.333336 345.187386 1.000000
172 370.344 320.813 42.666672 345.187386 1.000000
173 412.016 320.813 64.000008 345.187386 1.000000
174 453.688 320.813 85.333344 345.187386 1.000000
175 495.359 320.813 106.666672 345.187386 1.000000
176 537.031 320.813 128.000000 345.187386 1.000000
177 578.703 321.157 149.324051 345.187386 1.000000
178 636.500 322.500 170.648102 345.187386 1.000000
179 703.047 323.563 192.461594 347.168633 1.000000
180 724.719 324.375 216.275085 348.654533 1.000000
181 755.391 317.782 239.023743 350.548416 1.000000
182 790.063 315.875 263.772400 351.626381 1.000000
183 836.734 320.563 283.619568 353.112305 1.000000
184 884.406 323.413 325.466705 351.131058 1.000000
185 929.078 329.438 349.800079 347.160736 1.000000
186 979.750 330.725 372.133392 338.055634 1.000000
187 287.000 338.094 0.000000 364.406158 1.000000
188 328.820 338.094 21.335186 364.406158 1.000000
189 370.641 338.094 42.670372 364.406158 1.000000
190 412.461 338.094 64.005554 364.406158 1.000000
191 454.281 338.094 85.340744 364.406158 1.000000
192 496.102 338.094 106.675926 364.406158 1.000000
193 537.922 338.094 128.011108 364.406158 1.000000
194 579.742 338.422 149.346283 364.406158 1.000000
195 636.500 339.750 170.681442 364.406158 1.000000
196 704.383 340.719 192.752014 366.297340 1.000000
197 726.203 341.313 216.822601 367.715698 1.000000
198 757.023 334.110 239.589172 369.510796 1.000000
199 792.844 332.063 264.355713 370.552460 1.000000
200 838.664 336.219 284.190796 371.970840 1.000000
201 886.484 338.254 326.025848 370.079613 1.000000
202 931.305 343.282 350.346283 366.289787 1.000000
203 982.125 343.798 372.666718 356.734932 1.000000
204 287.000 355.375 0.000000 383.624908 1.000000
205 328.844 355.375 21.339354 383.624908 1.000000
206 370.688 355.375 42.678707 383.624908 1.000000
207 412.531 355.375 64.018059 383.624908 1.000000
208 454.375 355.375 85.357414 383.624908 1.000000
209 496.219 355.375 106.696762 383.624908 1.000000
210 538.063 355.375 128.036118 383.624908 1.000000
211 579.906 355.688 149.375458 383.624908 1.000000
212 636.500 357.000 170.714783 383.624908 1.000000
213 704.594 357.875 193.042450 385.426025 1.000000
214 726.438 358.250 217.370117 386.776840 1.000000
215 758.281 350.438 240.154572 388.473129 1.000000
216 796.125 348.251 264.939026 389.478516 1.000000
217 838.969 351.876 284.778259 390.829376 1.000000
218 886.813 353.095 326.617493 389.028214 1.000000
219 931.656 357.126 350.908752 385.418839 1.000000
220 982.500 356.870 373.200043 375.414230 1.000000
221 287.000 372.657 0.000000 402.843658 1.000000
222 329.039 372.657 21.343519 402.843658 1.000000
223 371.078 372.657 42.687038 402.843658 1.000000
224 413.117 372.657 64.030563 402.843658 1.000000
225 455.156 372.657 85.374077 402.843658 1.000000
226 497.195 372.657 106.717598 402.843658 1.000000
227 539.234 372.657 128.061111 402.843658 1.000000
228 581.273 372.954 149.404617 402.843658 1.000000
229 636.500 374.250 170.748123 402.843658 1.000000
230 706.352 375.032 193.332901 404.554733 1.000000
231 728.391 375.188 217.917633 405.838028 1.000000
232 759.430 366.766 240.719971 407.435486 1.000000
233 797.469 364.438 265.522339 408.404617 1.000000
234 841.508 367.532 285.365723 409.687912 1.000000
235 889.547 367.936 327.209137 407.976837 1.000000
236 934.586 370.969 351.471252 404.547913 1.000000
237 985.625 369.943 373.733368 394.093552 1.000000
238 287.000 389.938 0.000000 422.062408 1.000000
239 329.047 389.938 21.347689 422.062408 1.000000
240 371.094 389.938 42.695377 422.062408 1.000000
241 413.141 389.938 64.043060 422.062408 1.000000
242 455.188 389.938 85.390739 422.062408 1.000000
243 497.234 389.938 106.738434 422.062408 1.000000
244 539.281 389.938 128.086121 422.062408 1.000000
245 581.328 390.219 149.433792 422.062408 1.000000
246 636.500 391.500 170.781464 422.062408 1.000000
247 706.422 392.188 193.623306 423.683441 1.000000
248 728.469 392.125 218.465149 424.899170 1.000000
249 759.516 383.094 241.285400 426.397888 1.000000
250 798.563 380.626 266.105652 427.330673 1.000000
251 841.609 383.188 285.953186 428.546448 1.000000
252 889.656 382.777 327.800751 426.925415 1.000000
253 934.703 384.813 352.033722 423.676941 1.000000
254 985.750 383.015 374.266693 412.772827 1.000000
255 287.000 407.219 0.000000 441.281158 1.000000
256 329.055 407.219 21.351851 441.281158 1.000000
257 371.109 407.219 42.703709 441.281158 1.000000
258 413.164 407.219 64.055557 441.281158 1.000000
259 455.219 407.219 85.407402 441.281158 1.000000
260 497.273 407.219 106.759262 441.281158 1.000000
261 539.328 407.219 128.111115 441.281158 1.000000
262 581.383 407.485 149.462952 441.281158 1.000000
263 636.500 408.750 170.814804 441.281158 1.000000
264 706.492 409.344 193.913742 442.812149 1.000000
265 728.547 409.063 219.012680 443.960312 1.000000
266 759.602 399.423 241.850830 445.360245 1.000000
267 799.656 396.813 266.688965 446.256729 1.000000
268 841.711 398.844 286.540710 447.404984 1.000000
269 889.766 397.619 328.392426 445.873993 1.000000
270 934.820 398.657 352.596191 442.806015 1.000000
271 985.875 396.088 374.799988 431.452148 1.000000
272 287.000 424.501 0.000000 460.499908 1.000000
273 329.063 424.501 21.356020 460.499908 1.000000
274 371.125 424.501 42.712040 460.499908 1.000000
275 413.188 424.501 64.068062 460.499908 1.000000
276 455.250 424.501 85.424080 460.499908 1.000000
277 497.313 424.501 106.780106 460.499908 1.000000
278 539.375 424.501 128.136124 460.499908 1.000000
279 581.438 424.750 149.492126 460.499908 1.000000
280 636.500 426.001 170.848145 460.499908 1.000000
281 706.563 426.501 194.204163 461.940857 1.000000
282 728.625 426.001 219.560196 463.021454 1.000000
283 760.688 415.751 242.416229 464.322601 1.000000
284 799.750 413.001 267.272278 465.182831 1.000000
285 841.813 414.501 287.128204 466.263519 1.000000
286 889.875 412.460 328.984070 464.822571 1.000000
287 934.938 412.501 353.158722 461.935089 1.000000
288 986.000 409.161 375.333374 450.131470 1.000000
289 287.000 441.782 0.000000 479.718658 1.000000
290 329.055 441.782 21.360186 479.718658 1.000000
291 371.109 441.782 42.720371 479.718658 1.000000
292 413.164 441.782 64.080559 479.718658 1.000000
293 455.219 441.782 85.440742 479.718658 1.000000
294 497.273 441.782 106.800934 479.718658 1.000000
295 539.328 441.782 128.161118 479.718658 1.000000
296 581.383 442.016 149.521301 479.718658 1.000000
297 636.500 443.251 170.881485 479.718658 1.000000
298 705.492 443.657 193.961273 481.069519 1.000000
299 728.547 442.938 219.041061 482.082642 1.000000
300 761.602 432.079 241.914993 483.284958 1.000000
301 798.656 429.188 266.788940 484.108887 1.000000
302 841.711 430.157 286.648987 485.122009 1.000000
303 889.766 427.301 328.509064 483.771149 1.000000
304 934.820 426.345 352.654510 481.064117 1.000000
305 985.875 422.233 374.799988 468.810745 1.000000
306 287.000 459.063 0.000000 498.937408 1.000000
307 328.984 459.063 21.364353 498.937408 1.000000
308 370.969 459.063 42.728706 498.937408 1.000000
309 412.953 459.063 64.093063 498.937408 1.000000
310 454.938 459.063 85.457413 498.937408 1.000000
311 496.922 459.063 106.821770 498.937408 1.000000
312 538.906 459.063 128.186127 498.937408 1.000000
313 580.891 459.282 149.550476 498.937408 1.000000
314 636.500 460.501 170.914825 498.937408 1.000000
315 703.859 460.813 193.718353 500.198227 1.000000
316 727.844 459.876 218.521896 501.143784 1.000000
317 761.828 448.407 241.413757 502.247314 1.000000
318 796.813 445.376 266.305603 503.034943 1.000000
319 840.797 445.813 286.169830 503.980545 1.000000
320 888.781 442.142 328.034058 502.719772 1.000000
321 933.766 440.189 352.150391 500.193192 1.000000
322 984.750 435.306 374.266693 487.490067 1.000000
323 287.000 476.344 0.000000 518.156204 1.000000
324 328.852 476.344 21.368519 518.156204 1.000000
325 370.703 476.344 42.737038 518.156204 1.000000
326 412.555 476.344 64.105560 518.156204 1.000000
327 454.406 476.344 85.474075 518.156204 1.000000
328 496.258 476.344 106.842598 518.156204 1.000000
329 538.109 476.344 128.211121 518.156204 1.000000
330 579.961 476.548 149.579651 518.156204 1.000000
331 636.500 477.751 170.948166 518.156204 1.000000
332 702.664 477.969 193.475479 519.326935 1.000000
333 726.516 476.813 218.002747 520.204926 1.000000
334 760.367 464.735 240.912506 521.209717 1.000000
335 795.219 461.563 265.822266 521.961044 1.000000
336 839.070 461.470 285.690643 522.839081 1.000000
337 886.922 456.984 327.559052 521.668350 1.000000
338 931.773 454.032 351.646210 519.322266 1.000000
339 982.625 448.378 373.733368 506.169388 1.000000
340 287.000 493.626 0.000000 537.374954 1.000000
341 328.531 493.626 21.372686 537.374954 1.000000
342 370.063 493.626 42.745373 537.374954 1.000000
343 411.594 493.626 64.118057 537.374954 1.000000
344 453.125 493.626 85.490746 537.374954 1.000000
345 494.656 493.626 106.863434 537.374954 1.000000
346 536.188 493.626 128.236115 537.374954 1.000000
347 577.719 493.813 149.608810 537.374954 1.000000
348 636.500 495.001 170.981506 537.374954 1.000000
349 699.781 495.126 193.232559 538.455643 1.000000
350 723.313 493.751 217.483612 539.266113 1.000000
351 757.844 481.063 240.411270 540.172073 1.000000
352 792.375 477.751 265.338928 540.887100 1.000000
353 834.906 477.126 285.211487 541.697617 1.000000
354 882.438 471.825 327.084045 540.616928 1.000000
355 926.969 467.876 351.142029 538.451294 1.000000
356 977.500 461.451 373.200043 524.848663 1.000000
357 287.000 510.907 0.000000 556.593704 1.000000
358 328.445 510.907 21.376854 556.593704 1.000000
359 369.891 510.907 42.753708 556.593704 1.000000
360 411.336 510.907 64.130562 556.593704 1.000000
361 452.781 510.907 85.507416 556.593704 1.000000
362 494.227 510.907 106.884262 556.593704 1.000000
363 535.672 510.907 128.261108 556.593704 1.000000
364 577.117 511.079 149.637970 556.593704 1.000000
365 636.500 512.251 171.014847 556.593704 1.000000
366 697.008 512.282 192.989655 557.584351 1.000000
367 722.453 510.688 216.964447 558.327255 1.000000
368 754.898 497.392 239.910019 559.134430 1.000000
369 789.344 493.938 264.855591 559.813202 1.000000
370 833.789 492.782 284.732330 560.556152 1.000000
371 881.234 486.666 326.609039 559.565552 1.000000
372 925.680 481.720 350.637878 557.580368 1.000000
373 976.125 474.523 372.666687 543.527985 1.000000
374 287.000 528.188 0.000000 575.812454 1.000000
375 328.172 528.188 21.381020 575.812454 1.000000
376 369.344 528.188 42.762039 575.812454 1.000000
377 410.516 528.188 64.143059 575.812454 1.000000
378 451.688 528.188 85.524078 575.812454 1.000000
379 492.859 528.188 106.905098 575.812454 1.000000
380 534.031 528.188 128.286118 575.812454 1.000000
381 575.203 528.344 149.667145 575.812454 1.000000
382 636.500 529.501 171.048187 575.812454 1.000000
383 693.547 529.438 192.746750 576.713013 1.000000
384 719.719 527.626 216.445313 577.388397 1.000000
385 751.891 513.720 239.408783 578.096786 1.000000
386 785.063 510.126 264.372253 578.739258 1.000000
387 830.234 508.439 284.253113 579.414688 1.000000
388 877.406 501.508 326.134003 578.514130 1.000000
389 921.578 495.564 350.133698 576.709442 1.000000
390 971.750 487.596 372.133392 562.207306 1.000000
391 287.000 545.469 0.000000 595.031204 1.000000
392 327.586 545.469 21.385185 595.031204 1.000000
393 368.172 545.469 42.770370 595.031204 1.000000
394 408.758 545.469 64.155556 595.031204 1.000000
395 449.344 545.469 85.540741 595.031204 1.000000
396 489.930 545.469 106.925926 595.031204 1.000000
397 530.516 545.469 128.311111 595.031204 1.000000
398 571.102 545.610 149.696320 595.031204 1.000000
399 636.500 546.751 171.081528 595.031204 1.000000
400 689.273 546.594 192.503845 595.841721 1.000000
401 713.859 544.563 215.926178 596.449585 1.000000
402 746.445 530.048 239.174179 597.059143 1.000000
403 779.031 526.314 264.422241 597.665314 1.000000
404 822.617 524.095 284.040619 598.273224 1.000000
405 869.203 516.349 325.659027 597.462708 1.000000
406 912.789 509.408 349.629547 595.838470 1.000000
407 962.375 500.668 371.600067 580.886581 1.000000
408 287.000 562.751 0.000000 614.249954 1.000000
409 327.125 562.751 21.389353 614.249954 1.000000
410 367.250 562.751 42.778706 614.249954 1.000000
411 407.375 562.751 64.168060 614.249954 1.000000
412 447.500 562.751 85.557411 614.249954 1.000000
413 487.625 562.751 106.946762 614.249954 1.000000
414 527.750 562.751 128.336121 614.249954 1.000000
415 567.875 562.751 149.725494 614.249954 1.000000
416 636.500 563.751 171.114883 614.249954 1.000000
417 685.125 562.751 192.260925 614.970428 1.000000
418 709.250 562.751 215.406998 615.510727 1.000000
419 740.375 546.376 238.672943 616.021545 1.000000
420 774.500 542.501 263.938904 616.591415 1.000000
421 816.625 539.751 283.561462 617.131760 1.000000
422 862.750 531.751 325.184021 616.411285 1.000000
423 905.875 523.751 349.125397 614.967545 1.000000
424 955.000 513.752 371.066772 599.565903 1.000000
425 287.000 580.032 0.000000 633.468704 1.000000
426 326.781 580.032 21.393518 633.468704 1.000000
427 366.563 580.032 42.787037 633.468704 1.000000
428 406.344 580.032 64.180557 633.468704 1.000000
429 446.125 580.032 85.574074 633.468704 1.000000
430 485.906 580.032 106.967598 633.468704 1.000000
431 525.688 580.032 128.361115 633.468704 1.000000
432 565.469 580.141 149.754669 633.468704 1.000000
433 636.500 581.251 171.148209 633.468704 1.000000
434 681.031 580.907 192.018036 634.099136 1.000000
435 705.813 578.438 214.887878 634.571869 1.000000
436 736.594 562.704 237.905029 634.983902 1.000000
437 769.375 558.689 262.922180 635.517471 1.000000
438 812.156 555.407 282.815613 635.990295 1.000000
439 857.938 546.031 324.709015 635.359863 1.000000
440 900.719 537.095 348.621216 634.096619 1.000000
441 949.500 526.813 370.533386 618.245224 1.000000
442 287.000 597.313 0.000000 652.687454 1.000000
443 326.313 597.313 21.397686 652.687454 1.000000
444 365.625 597.313 42.795372 652.687454 1.000000
445 404.938 597.313 64.193054 652.687454 1.000000
446 444.250 597.313 85.590744 652.687454 1.000000
447 483.563 597.313 106.988426 652.687454 1.000000
448 522.875 597.313 128.386108 652.687454 1.000000
449 562.188 597.407 149.783829 652.687454 1.000000
450 636.500 598.501 171.181549 652.687454 1.000000
451 676.813 598.063 191.775131 653.227844 1.000000
452 701.125 595.376 214.368713 653.633057 1.000000
453 731.438 579.032 237.403778 653.946259 1.000000
454 764.750 574.876 262.438843 654.443573 1.000000
455 806.063 571.064 282.336426 654.848831 1.000000
456 851.375 560.873 324.234009 654.308487 1.000000
457 893.688 550.939 348.117065 653.225647 1.000000
458 942.000 539.886 370.000092 636.924500 1.000000
459 287.000 614.595 0.000000 671.906204 1.000000
460 325.719 614.595 21.401850 671.906204 1.000000
461 364.438 614.595 42.803699 671.906204 1.000000
462 403.156 614.595 64.205551 671.906204 1.000000
463 441.875 614.595 85.607399 671.906204 1.000000
464 480.594 614.595 107.009247 671.906204 1.000000
465 519.313 614.595 128.411102 671.906204 1.000000
466 558.031 614.673 149.812988 671.906204 1.000000
467 636.500 615.751 171.214890 671.906204 1.000000
468 671.469 615.220 191.532227 672.356506 1.000000
469 695.188 612.313 213.849564 672.694199 1.000000
470 724.906 595.361 236.902527 672.908615 1.000000
471 758.625 591.064 261.955505 673.369629 1.000000
472 798.344 586.720 281.857239 673.707321 1.000000
473 843.063 575.714 323.759003 673.257065 1.000000
474 884.781 564.783 347.612854 672.354721 1.000000
475 932.500 552.958 369.466705 655.603821 1.000000
476 287.000 631.876 0.000000 691.124954 1.000000
477 325.188 631.876 21.406017 691.124954 1.000000
478 363.375 631.876 42.812035 691.124954 1.000000
479 401.563 631.876 64.218048 691.124954 1.000000
480 439.750 631.876 85.624069 691.124954 1.000000
481 477.938 631.876 107.030083 691.124954 1.000000
482 516.125 631.876 128.436111 691.124954 1.000000
483 554.313 631.938 149.842178 691.124954 1.000000
484 636.500 633.001 171.248230 691.124954 1.000000
485 666.688 632.376 191.289322 691.485214 1.000000
486 689.875 629.251 213.330414 691.755341 1.000000
487 720.063 611.689 236.401291 691.870972 1.000000
488 752.250 607.251 261.472168 692.295685 1.000000
489 791.438 602.376 281.378082 692.565857 1.000000
490 835.625 590.555 323.283997 692.205643 1.000000
491 876.813 578.627 347.108704 691.483795 1.000000
492 924.000 566.031 368.933411 674.283142 1.000000
493 287.000 649.157 0.000000 710.343704 1.000000
494 324.547 649.157 21.410185 710.343704 1.000000
495 362.094 649.157 42.820370 710.343704 1.000000
496 399.641 649.157 64.230553 710.343704 1.000000
497 437.188 649.157 85.640739 710.343704 1.000000
498 474.734 649.157 107.050919 710.343704 1.000000
499 512.281 649.157 128.461105 710.343704 1.000000
500 549.828 649.204 149.871338 710.343704 1.000000
501 636.500 650.251 171.281555 710.343704 1.000000
502 660.922 649.532 191.046417 710.613922 1.000000
503 683.469 646.188 212.811264 710.816528 1.000000
504 714.016 628.017 235.900040 710.833328 1.000000
505 746.563 623.439 260.988831 711.221786 1.000000
506 783.109 618.033 280.898895 711.424393 1.000000
507 826.656 605.396 322.808990 711.154266 1.000000
508 867.203 592.470 346.604492 710.612823 1.000000
509 913.750 579.103 368.400024 692.962418 1.000000
510 287.000 666.438 0.000000 729.562500 1.000000
511 323.521 666.438 21.414356 729.562500 1.000000
512 360.042 666.438 42.828712 729.562500 1.000000
513 396.562 666.438 64.243057 729.562500 1.000000
514 433.083 666.438 85.657402 729.562500 1.000000
515 469.604 666.438 107.071762 729.562500 1.000000
516 506.125 666.438 128.486115 729.562500 1.000000
517 542.646 666.470 149.900497 729.562500 1.000000
518 636.500 667.501 171.314896 729.562500 1.000000
519 655.687 666.688 190.803528 729.742630 1.000000
520 673.208 663.126 212.292145 729.877670 1.000000
521 707.729 644.345 235.398788 729.795731 1.000000
522 741.250 639.626 260.505432 730.147842 1.000000
523 770.771 633.689 280.419708 730.282928 1.000000
524 812.291 620.238 322.333954 730.102844 1.000000
525 851.812 606.314 346.100372 729.741898 1.000000
526 897.333 592.176 367.866760 711.641739 1.000000
527 287.000 683.720 0.000000 748.781250 1.000000
528 322.645 683.720 21.418518 748.781250 1.000000
529 358.290 683.720 42.837036 748.781250 1.000000
530 393.935 683.720 64.255554 748.781250 1.000000
531 429.580 683.720 85.674072 748.781250 1.000000
532 465.225 683.720 107.092598 748.781250 1.000000
533 500.870 683.720 128.511108 748.781250 1.000000
534 536.515 683.735 149.929672 748.781250 1.000000
535 636.500 684.751 171.348236 748.781250 1.000000
536 651.805 683.845 190.560608 748.871292 1.000000
537 664.450 680.064 211.772995 748.938858 1.000000
538 704.095 660.673 234.897552 748.758133 1.000000
539 734.740 655.814 260.022095 749.073944 1.000000
540 763.385 649.345 279.940552 749.141464 1.000000
541 800.030 635.079 321.858978 749.051422 1.000000
542 838.675 620.158 345.596191 748.870972 1.000000
543 883.320 605.248 367.333435 730.321060 1.000000
544 287.000 696.001 0.000000 768.000000 1.000000
545 321.441 696.001 21.333336 768.000000 1.000000
546 355.882 696.001 42.666672 768.000000 1.000000
547 390.322 696.001 64.000008 768.000000 1.000000
548 424.763 696.001 85.333344 768.000000 1.000000
549 459.204 696.001 106.666672 768.000000 1.000000
550 493.645 696.001 128.000000 768.000000 1.000000
551 528.086 696.001 149.690781 768.000000 1.000000
552 636.500 697.001 171.381607 768.000000 1.000000
553 642.967 696.001 190.317719 768.000000 1.000000
554 652.408 692.001 211.253830 768.000000 1.000000
555 700.849 669.002 234.396301 767.720444 1.000000
556 729.290 664.002 259.538757 768.000000 1.000000
557 756.731 654.002 278.836121 768.000000 1.000000
558 783.171 644.920 320.133453 768.000000 1.000000
559 820.612 629.002 344.466797 768.000000 1.000000
560 864.053 613.321 366.800110 749.000336 1.000000
TRIANGLES=1024
0 0 17 18
1 1 0 18
2 1 18 19
3 2 1 19
4 2 19 20
5 3 2 20
6 3 20 21
7 4 3 21
8 4 21 22
9 5 4 22
10 5 22 23
11 6 5 23
12 6 23 24
13 7 6 24
14 7 24 25
15 8 7 25
16 8 25 26
17 9 8 26
18 9 26 27
19 10 9 27
20 10 27 28
21 11 10 28
22 11 28 29
23 12 11 29
24 12 29 30
25 13 12 30
26 13 30 31
27 14 13 31
28 14 31 32
29 15 14 32
30 15 32 33
31 16 15 33
32 17 34 35
33 18 17 35
34 18 35 36
35 19 18 36
36 19 36 37
37 20 19 37
38 20 37 38
39 21 20 38
40 21 38 39
41 22 21 39
42 22 39 40
43 23 22 40
44 23 40 41
45 24 23 41
46 24 41 42
47 25 24 42
48 25 42 43
49 26 25 43
50 26 43 44
51 27 26 44
52 27 44 45
53 28 27 45
54 28 45 46
55 29 28 46
56 29 46 47
57 30 29 47
58 30 47 48
59 31 30 48
60 31 48 49
61 32 31 49
62 32 49 50
63 33 32 50
64 34 51 52
65 35 34 52
66 35 52 53
67 36 35 53
68 36 53 54
69 37 36 54
70 37 54 55
71 38 37 55
72 38 55 56
73 39 38 56
74 39 56 57
75 40 39 57
76 40 57 58
77 41 40 58
78 41 58 59
79 42 41 59
80 42 59 60
81 43 42 60
82 43 60 61
83 44 43 61
84 44 61 62
85 45 44 62
86 45 62 63
87 46 45 63
88 46 63 64
89 47 46 64
90 47 64 65
91 48 47 65
92 48 65 66
93 49 48 66
94 49 66 67
95 50 49 67
96 51 68 69
97 52 51 69
98 52 69 70
99 53 52 70
100 53 70 71
101 54 53 71
102 54 71 72
103 55 54 72
104 55 72 73
105 56 55 73
106 56 73 74
107 57 56 74
108 57 74 75
109 58 57 75
110 58 75 76
111 59 58 76
112 59 76 77
113 60 59 77
114 60 77 78
115 61 60 78
116 61 78 79
117 62 61 79
118 62 79 80
119 63 62 80
120 63 80 81
121 64 63 81
122 64 81 82
123 65 64 82
124 65 82 83
125 66 65 83
126 66 83 84
127 67 66 84
128 68 85 86
129 69 68 86
130 69 86 87
131 70 69 87
132 70 87 88
133 71 70 88
134 71 88 89
135 72 71 89
136 72 89 90
137 73 72 90
138 73 90 91
139 74 73 91
140 74 91 92
141 75 74 92
142 75 92 93
143 76 75 93
144 76 93 94
145 77 76 94
146 77 94 95
147 78 77 95
148 78 95 96
149 79 78 96
150 79 96 97
151 80 79 97
152 80 97 98
153 81 80 98
154 81 98 99
155 82 81 99
156 82 99 100
157 83 82 100
158 83 100 101
159 84 83 101
160 85 102 103
161 86 85 103
162 86 103 104
163 87 86 104
164 87 104 105
165 88 87 105
166 88 105 106
167 89 88 106
168 89 106 107
169 90 89 107
170 90 107 108
171 91 90 108
172 91 108 109
173 92 91 109
174 92 109 110
175 93 92 110
176 93 110 111
177 94 93 111
178 94 111 112
179 95 94 112
180 95 112 113
181 96 95 113
182 96 113 114
183 97 96 114
184 97 114 115
185 98 97 115
186 98 115 116
187 99 98 116
188 99 116 117
189 100 99 117
190 100 117 118
191 101 100 118
192 102 119 120
193 103 102 120
194 103 120 121
195 104 103 121
196 104 121 122
197 105 104 122
198 105 122 123
199 106 105 123
200 106 123 124
201 107 106 124
202 107 124 125
203 108 107 125
204 108 125 126
205 109 108 126
206 109 126 127
207 110 109 127
208 110 127 128
209 111 110 128
210 111 128 129
211 112 111 129
212 112 129 130
213 113 112 130
214 113 130 131
215 114 113 131
216 114 131 132
217 115 114 132
218 115 132 133
219 116 115 133
220 116 133 134
221 117 116 134
222 117 134 135
223 118 117 135
224 119 136 137
225 120 119 137
226 120 137 138
227 121 120 138
228 121 138 139
229 122 121 139
230 122 139 140
231 123 122 140
232 123 140 141
233 124 123 141
234 124 141 142
235 125 124 142
236 125 142 143
237 126 125 143
238 126 143 144
239 127 126 144
240 127 144 145
241 128 127 145
242 128 145 146
243 129 128 146
244 129 146 147
245 130 129 147
246 130 147 148
247 131 130 148
248 131 148 149
249 132 131 149
250 132 149 150
251 133 132 150
252 133 150 151
253 134 133 151
254 134 151 152
255 135 134 152
256 136 153 154
257 137 136 154
258 137 154 155
259 138 137 155
260 138 155 156
261 139 138 156
262 139 156 157
263 140 139 157
264 140 157 158
265 141 140 158
266 141 158 159
267 142 141 159
268 142 159 160
269 143 142 160
270 143 160 161
271 144 143 161
272 144 161 162
273 145 144 162
274 145 162 163
275 146 145 163
276 146 163 164
277 147 146 164
278 147 164 165
279 148 147 165
280 148 165 166
281 149 148 166
282 149 166 167
283 150 149 167
284 150 167 168
285 151 150 168
286 151 168 169
287 152 151 169
288 153 170 171
289 154 153 171
290 154 171 172
291 155 154 172
292 155 172 173
293 156 155 173
294 156 173 174
295 157 156 174
296 157 174 175
297 158 157 175
298 158 175 176
299 159 158 176
300 159 176 177
301 160 159 177
302 160 177 178
303 161 160 178
304 161 178 179
305 162 161 179
306 162 179 180
307 163 162 180
308 163 180 181
309 164 163 181
310 164 181 182
311 165 164 182
312 165 182 183
313 166 165 183
314 166 183 184
315 167 166 184
316 167 184 185
317 168 167 185
318 168 185 186
319 169 168 186
320 170 187 188
321 171 170 188
322 171 188 189
323 172 171 189
324 172 189 190
325 173 172 190
326 173 190 191
327 174 173 191
328 174 191 192
329 175 174 192
330 175 192 193
331 176 175 193
332 176 193 194
333 177 176 194
334 177 194 195
335 178 177 195
336 178 195 196
337 179 178 196
338 179 196 197
339 180 179 197
340 180 197 198
341 181 180 198
342 181 198 199
343 182 181 199
344 182 199 200
345 183 182 200
346 183 200 201
347 184 183 201
348 184 201 202
349 185 184 202
350 185 202 203
351 186 185 203
352 187 204 205
353 188 187 205
354 188 205 206
355 189 188 206
356 189 206 207
357 190 189 207
358 190 207 208
359 191 190 208
360 191 208 209
361 192 191 209
362 192 209 210
363 193 192 210
364 193 210 211
365 194 193 211
366 194 211 212
367 195 194 212
368 195 212 213
369 196 195 213
370 196 213 214
371 197 196 214
372 197 214 215
373 198 197 215
374 198 215 216
375 199 198 216
376 199 216 217
377 200 199 217
378 200 217 218
379 201 200 218
380 201 218 219
381 202 201 219
382 202 219 220
383 203 202 220
384 204 221 222
385 205 204 222
386 205 222 223
387 206 205 223
388 206 223 224
389 207 206 224
390 207 224 225
391 208 207 225
392 208 225 226
393 209 208 226
394 209 226 227
395 210 209 227
396 210 227 228
397 211 210 228
398 211 228 229
399 212 211 229
400 212 229 230
401 213 212 230
402 213 230 231
403 214 213 231
404 214 231 232
405 215 214 232
406 215 232 233
407 216 215 233
408 216 233 234
409 217 216 234
410 217 234 235
411 218 217 235
412 218 235 236
413 219 218 236
414 219 236 237
415 220 219 237
416 221 238 239
417 222 221 239
418 222 239 240
419 223 222 240
420 223 240 241
421 224 223 241
422 224 241 242
423 225 224 242
424 225 242 243
425 226 225 243
426 226 243 244
427 227 226 244
428 227 244 245
429 228 227 245
430 228 245 246
431 229 228 246
432 229 246 247
433 230 229 247
434 230 247 248
435 231 230 248
436 231 248 249
437 232 231 249
438 232 249 250
439 233 232 250
440 233 250 251
441 234 233 251
442 234 251 252
443 235 234 252
444 235 252 253
445 236 235 253
446 236 253 254
447 237 236 254
448 238 255 256
449 239 238 256
450 239 256 257
451 240 239 257
452 240 257 258
453 241 240 258
454 241 258 259
455 242 241 259
456 242 259 260
457 243 242 260
458 243 260 261
459 244 243 261
460 244 261 262
461 245 244 262
462 245 262 263
463 246 245 263
464 246 263 264
465 247 246 264
466 247 264 265
467 248 247 265
468 248 265 266
469 249 248 266
470 249 266 267
471 250 249 267
472 250 267 268
473 251 250 268
474 251 268 269
475 252 251 269
476 252 269 270
477 253 252 270
478 253 270 271
479 254 253 271
480 255 272 273
481 256 255 273
482 256 273 274
483 257 256 274
484 257 274 275
485 258 257 275
486 258 275 276
487 259 258 276
488 259 276 277
489 260 259 277
490 260 277 278
491 261 260 278
492 261 278 279
493 262 261 279
494 262 279 280
495 263 262 280
496 263 280 281
497 264 263 281
498 264 281 282
499 265 264 282
500 265 282 283
501 266 265 283
502 266 283 284
503 267 266 284
504 267 284 285
505 268 267 285
506 268 285 286
507 269 268 286
508 269 286 287
509 270 269 287
510 270 287 288
511 271 270 288
512 272 289 290
513 273 272 290
514 273 290 291
515 274 273 291
516 274 291 292
517 275 274 292
518 275 292 293
519 276 275 293
520 276 293 294
521 277 276 294
522 277 294 295
523 278 277 295
524 278 295 296
525 279 278 296
526 279 296 297
527 280 279 297
528 280 297 298
529 281 280 298
530 281 298 299
531 282 281 299
532 282 299 300
533 283 282 300
534 283 300 301
535 284 283 301
536 284 301 302
537 285 284 302
538 285 302 303
539 286 285 303
540 286 303 304
541 287 286 304
542 287 304 305
543 288 287 305
544 289 306 307
545 290 289 307
546 290 307 308
547 291 290 308
548 291 308 309
549 292 291 309
550 292 309 310
551 293 292 310
552 293 310 311
553 294 293 311
554 294 311 312
555 295 294 312
556 295 312 313
557 296 295 313
558 296 313 314
559 297 296 314
560 297 314 315
561 298 297 315
562 298 315 316
563 299 298 316
564 299 316 317
565 300 299 317
566 300 317 318
567 301 300 318
568 301 318 319
569 302 301 319
570 302 319 320
571 303 302 320
572 303 320 321
573 304 303 321
574 304 321 322
575 305 304 322
576 306 323 324
577 307 306 324
578 307 324 325
579 308 307 325
580 308 325 326
581 309 308 326
582 309 326 327
583 310 309 327
584 310 327 328
585 311 310 328
586 311 328 329
587 312 311 329
588 312 329 330
589 313 312 330
590 313 330 331
591 314 313 331
592 314 331 332
593 315 314 332
594 315 332 333
595 316 315 333
596 316 333 334
597 317 316 334
598 317 334 335
599 318 317 335
600 318 335 336
601 319 318 336
602 319 336 337
603 320 319 337
604 320 337 338
605 321 320 338
606 321 338 339
607 322 321 339
608 323 340 341
609 324 323 341
610 324 341 342
611 325 324 342
612 325 342 343
613 326 325 343
614 326 343 344
615 327 326 344
616 327 344 345
617 328 327 345
618 328 345 346
619 329 328 346
620 329 346 347
621 330 329 347
622 330 347 348
623 331 330 348
624 331 348 349
625 332 331 349
626 332 349 350
627 333 332 350
628 333 350 351
629 334 333 351
630 334 351 352
631 335 334 352
632 335 352 353
633 336 335 353
634 336 353 354
635 337 336 354
636 337 354 355
637 338 337 355
638 338 355 356
639 339 338 356
640 340 357 358
641 341 340 358
642 341 358 359
643 342 341 359
644 342 359 360
645 343 342 360
646 343 360 361
647 344 343 361
648 344 361 362
649 345 344 362
650 345 362 363
651 346 345 363
652 346 363 364
653 347 346 364
654 347 364 365
655 348 347 365
656 348 365 366
657 349 348 366
658 349 366 367
659 350 349 367
660 350 367 368
661 351 350 368
662 351 368 369
663 352 351 369
664 352 369 370
665 353 352 370
666 353 370 371
667 354 353 371
668 354 371 372
669 355 354 372
670 355 372 373
671 356 355 373
672 357 374 375
673 358 357 375
674 358 375 376
675 359 358 376
676 359 376 377
677 360 359 377
678 360 377 378
679 361 360 378
680 361 378 379
681 362 361 379
682 362 379 380
683 363 362 380
684 363 380 381
685 364 363 381
686 364 381 382
687 365 364 382
688 365 382 383
689 366 365 383
690 366 383 384
691 367 366 384
692 367 384 385
693 368 367 385
694 368 385 386
695 369 368 386
696 369 386 387
697 370 369 387
698 370 387 388
699 371 370 388
700 371 388 389
701 372 371 389
702 372 389 390
703 373 372 390
704 374 391 392
705 375 374 392
706 375 392 393
707 376 375 393
708 376 393 394
709 377 376 394
710 377 394 395
711 378 377 395
712 378 395 396
713 379 378 396
714 379 396 397
715 380 379 397
716 380 397 398
717 381 380 398
718 381 398 399
719 382 381 399
720 382 399 400
721 383 382 400
722 383 400 401
723 384 383 401
724 384 401 402
725 385 384 402
726 385 402 403
727 386 385 403
728 386 403 404
729 387 386 404
730 387 404 405
731 388 387 405
732 388 405 406
733 389 388 406
734 389 406 407
735 390 389 407
736 391 408 409
737 392 391 409
738 392 409 410
739 393 392 410
740 393 410 411
741 394 393 411
742 394 411 412
743 395 394 412
744 395 412 413
745 396 395 413
746 396 413 414
747 397 396 414
748 397 414 415
749 398 397 415
750 398 415 416
751 399 398 416
752 399 416 417
753 400 399 417
754 400 417 418
755 401 400 418
756 401 418 419
757 402 401 419
758 402 419 420
759 403 402 420
760 403 420 421
761 404 403 421
762 404 421 422
763 405 404 422
764 405 422 423
765 406 405 423
766 406 423 424
767 407 406 424
768 408 425 426
769 409 408 426
770 409 426 427
771 410 409 427
772 410 427 428
773 411 410 428
774 411 428 429
775 412 411 429
776 412 429 430
777 413 412 430
778 413 430 431
779 414 413 431
780 414 431 432
781 415 414 432
782 415 432 433
783 416 415 433
784 416 433 434
785 417 416 434
786 417 434 435
787 418 417 435
788 418 435 436
789 419 418 436
790 419 436 437
791 420 419 437
792 420 437 438
793 421 420 438
794 421 438 439
795 422 421 439
796 422 439 440
797 423 422 440
798 423 440 441
799 424 423 441
800 425 442 443
801 426 425 443
802 426 443 444
803 427 426 444
804 427 444 445
805 428 427 445
806 428 445 446
807 429 428 446
808 429 446 447
809 430 429 447
810 430 447 448
811 431 430 448
812 431 448 449
813 432 431 449
814 432 449 450
815 433 432 450
816 433 450 451
817 434 433 451
818 434 451 452
819 435 434 452
820 435 452 453
821 436 435 453
822 436 453 454
823 437 436 454
824 437 454 455
825 438 437 455
826 438 455 456
827 439 438 456
828 439 456 457
829 440 439 457
830 440 457 458
831 441 440 458
832 442 459 460
833 443 442 460
834 443 460 461
835 444 443 461
836 444 461 462
837 445 444 462
838 445 462 463
839 446 445 463
840 446 463 464
841 447 446 464
842 447 464 465
843 448 447 465
844 448 465 466
845 449 448 466
846 449 466 467
847 450 449 467
848 450 467 468
849 451 450 468
850 451 468 469
851 452 451 469
852 452 469 470
853 453 452 470
854 453 470 471
855 454 453 471
856 454 471 472
857 455 454 472
858 455 472 473
859 456 455 473
860 456 473 474
861 457 456 474
862 457 474 475
863 458 457 475
864 459 476 477
865 460 459 477
866 460 477 478
867 461 460 478
868 461 478 479
869 462 461 479
870 462 479 480
871 463 462 480
872 463 480 481
873 464 463 481
874 464 481 482
875 465 464 482
876 465 482 483
877 466 465 483
878 466 483 484
879 467 466 484
880 467 484 485
881 468 467 485
882 468 485 486
883 469 468 486
884 469 486 487
885 470 469 487
886 470 487 488
887 471 470 488
888 471 488 489
889 472 471 489
890 472 489 490
891 473 472 490
892 473 490 491
893 474 473 491
894 474 491 492
895 475 474 492
896 476 493 494
897 477 476 494
898 477 494 495
899 478 477 495
900 478 495 496
901 479 478 496
902 479 496 497
903 480 479 497
904 480 497 498
905 481 480 498
906 481 498 499
907 482 481 499
908 482 499 500
909 483 482 500
910 483 500 501
911 484 483 501
912 484 501 502
913 485 484 502
914 485 502 503
915 486 485 503
916 486 503 504
917 487 486 504
918 487 504 505
919 488 487 505
920 488 505 506
921 489 488 506
922 489 506 507
923 490 489 507
924 490 507 508
925 491 490 508
926 491 508 509
927 492 491 509
928 493 510 511
929 494 493 511
930 494 511 512
931 495 494 512
932 495 512 513
933 496 495 513
934 496 513 514
935 497 496 514
936 497 514 515
937 498 497 515
938 498 515 516
939 499 498 516
940 499 516 517
941 500 499 517
942 500 517 518
943 501 500 518
944 501 518 519
945 502 501 519
946 502 519 520
947 503 502 520
948 503 520 521
949 504 503 521
950 504 521 522
951 505 504 522
952 505 522 523
953 506 505 523
954 506 523 524
955 507 506 524
956 507 524 525
957 508 507 525
958 508 525 526
959 509 508 526
960 510 527 528
961 511 510 528
962 511 528 529
963 512 511 529
964 512 529 530
965 513 512 530
966 513 530 531
967 514 513 531
968 514 531 532
969 515 514 532
970 515 532 533
971 516 515 533
972 516 533 534
973 517 516 534
974 517 534 535
975 518 517 535
976 518 535 536
977 519 518 536
978 519 536 537
979 520 519 537
980 520 537 538
981 521 520 538
982 521 538 539
983 522 521 539
984 522 539 540
985 523 522 540
986 523 540 541
987 524 523 541
988 524 541 542
989 525 524 542
990 525 542 543
991 526 525 543
992 527 544 545
993 528 527 545
994 528 545 546
995 529 528 546
996 529 546 547
997 530 529 547
998 530 547 548
999 531 530 548
1000 531 548 549
1001 532 531 549
1002 532 549 550
1003 533 532 550
1004 533 550 551
1005 534 533 551
1006 534 551 552
1007 535 534 552
1008 535 552 553
1009 536 535 553
1010 536 553 554
1011 537 536 554
1012 537 554 555
1013 538 537 555
1014 538 555 556
1015 539 538 556
1016 539 556 557
1017 540 539 557
1018 540 557 558
1019 541 540 558
1020 541 558 559
1021 542 541 559
1022 542 559 560
1023 543 542 560
