127.0.0.1: 1338
WORLD:1920.0:1067.0
PROJECTOR0:1024:768:2304:0
VERTICES=18
0 221.000 117.000 641.252747 0.000000 1.000000
1 293.750 117.000 726.967049 0.000000 1.000000
2 366.500 117.000 812.681293 0.000000 1.000000
3 439.250 117.000 898.395538 0.000000 1.000000
4 512.000 117.000 984.109840 0.000000 1.000000
5 588.000 117.000 1069.824142 0.000000 1.000000
6 664.000 117.000 1155.538445 0.000000 1.000000
7 740.000 117.000 1241.252747 0.000000 1.000000
8 816.000 117.000 1326.967049 0.000000 1.000000
9 221.000 768.000 641.252747 1067.000000 1.000000
10 293.750 768.000 726.967049 1067.000000 1.000000
11 366.500 768.000 812.681293 1067.000000 1.000000
12 439.250 768.000 898.395538 1067.000000 1.000000
13 512.000 768.000 984.109840 1067.000000 1.000000
14 588.000 768.000 1069.824142 1067.000000 1.000000
15 664.000 768.000 1155.538445 1067.000000 1.000000
16 740.000 768.000 1241.252747 1067.000000 1.000000
17 816.000 768.000 1326.967049 1067.000000 1.000000
TRIANGLES=16
0 0 9 10
1 1 0 10
2 1 10 11
3 2 1 11
4 2 11 12
5 3 2 12
6 3 12 13
7 4 3 13
8 4 13 14
9 5 4 14
10 5 14 15
11 6 5 15
12 6 15 16
13 7 6 16
14 7 16 17
15 8 7 17
