127.0.0.1: 1337
WORLD:3072.0:768.0
PROJECTOR2:1024:768:1280:0
VERTICES=153
0 370.000 218.000 0.000000 0.000000 1.000000
1 389.120 203.520 70.312500 0.000000 1.000000
2 408.747 195.840 140.625000 0.000000 1.000000
3 418.987 192.000 210.937500 0.000000 1.000000
4 434.500 187.500 281.250000 0.000000 1.000000
5 444.625 185.625 351.562500 0.000000 1.000000
6 464.750 180.750 421.875000 0.000000 1.000000
7 485.875 177.375 492.187500 0.000000 1.000000
8 507.000 177.000 562.500000 0.000000 1.000000
9 537.813 177.375 624.601273 0.000000 1.000000
10 553.125 178.750 686.702499 0.000000 1.000000
11 570.438 184.125 748.803909 0.000000 1.000000
12 585.750 190.500 810.905090 0.000000 1.000000
13 605.063 197.125 873.006409 0.000000 1.000000
14 619.493 204.480 935.107727 0.000000 1.000000
15 630.733 211.200 997.208954 0.000000 1.000000
16 645.000 211.000 1047.309906 0.000000 1.000000
17 341.040 244.440 0.000000 73.500349 1.000000
18 358.712 242.080 70.312500 73.500349 1.000000
19 377.384 241.438 140.625000 73.500349 1.000000
20 400.056 239.344 210.937500 73.500349 1.000000
21 410.729 237.250 281.250000 73.500349 1.000000
22 439.401 240.625 351.562500 73.500349 1.000000
23 467.073 241.000 421.875000 73.500349 1.000000
24 487.745 239.937 492.187500 73.500349 1.000000
25 508.417 239.875 562.500000 73.500349 1.000000
26 533.977 240.250 624.601273 73.500349 1.000000
27 557.641 240.625 686.702499 73.500349 1.000000
28 578.305 242.813 748.803909 73.500349 1.000000
29 599.969 242.000 810.905090 73.500349 1.000000
30 616.633 237.157 873.006409 73.500349 1.000000
31 629.297 234.313 935.107727 73.500349 1.000000
32 652.961 229.594 997.208954 73.500349 1.000000
33 652.625 219.875 1059.310272 73.500349 1.000000
34 307.413 285.920 0.000000 147.000698 1.000000
35 336.213 289.600 70.312500 147.000698 1.000000
36 353.982 289.125 140.625000 147.000698 1.000000
37 379.973 286.563 210.937500 147.000698 1.000000
38 402.964 288.000 281.250000 147.000698 1.000000
39 435.955 289.125 351.562500 147.000698 1.000000
40 456.946 289.250 421.875000 147.000698 1.000000
41 483.937 288.000 492.187500 147.000698 1.000000
42 510.928 288.750 562.500000 147.000698 1.000000
43 541.766 291.125 624.601273 147.000698 1.000000
44 562.406 292.500 686.702499 147.000698 1.000000
45 586.047 289.500 748.803909 147.000698 1.000000
46 605.688 289.500 810.905090 147.000698 1.000000
47 628.328 285.688 873.006409 147.000698 1.000000
48 649.969 282.876 935.107727 147.000698 1.000000
49 661.609 278.314 997.208954 147.000698 1.000000
50 681.250 265.751 1059.310272 147.000698 1.000000
51 286.960 332.160 0.000000 220.501053 1.000000
52 313.568 338.159 70.312500 220.501053 1.000000
53 342.135 342.194 140.625000 220.501053 1.000000
54 374.702 345.215 210.937500 220.501053 1.000000
55 399.270 347.237 281.250000 220.501053 1.000000
56 429.837 347.262 351.562500 220.501053 1.000000
57 456.405 347.287 421.875000 220.501053 1.000000
58 484.972 351.335 492.187500 220.501053 1.000000
59 513.540 350.379 562.500000 220.501053 1.000000
60 539.867 349.417 624.601273 220.501053 1.000000
61 563.297 349.452 686.702499 220.501053 1.000000
62 589.727 349.474 748.803909 220.501053 1.000000
63 608.156 347.496 810.905090 220.501053 1.000000
64 638.586 344.536 873.006409 220.501053 1.000000
65 667.016 339.576 935.107727 220.501053 1.000000
66 681.445 335.601 997.208954 220.501053 1.000000
67 707.875 318.626 1059.310272 220.501053 1.000000
68 279.000 392.501 0.000000 294.001396 1.000000
69 308.715 406.001 70.312500 294.001396 1.000000
70 338.429 415.502 140.625000 294.001396 1.000000
71 372.143 422.002 210.937500 294.001396 1.000000
72 397.858 426.502 281.250000 294.001396 1.000000
73 427.573 430.127 351.562500 294.001396 1.000000
74 457.287 433.752 421.875000 294.001396 1.000000
75 487.001 435.127 492.187500 294.001396 1.000000
76 516.716 435.502 562.500000 294.001396 1.000000
77 542.531 435.877 624.601273 294.001396 1.000000
78 565.813 435.252 686.702499 294.001396 1.000000
79 594.094 432.877 748.803909 294.001396 1.000000
80 616.375 428.502 810.905090 294.001396 1.000000
81 646.656 424.252 873.006409 294.001396 1.000000
82 675.938 416.002 935.107727 294.001396 1.000000
83 691.219 409.752 997.208954 294.001396 1.000000
84 725.500 388.502 1059.310272 294.001396 1.000000
85 277.500 438.877 0.000000 367.501740 1.000000
86 305.998 461.533 70.312500 367.501740 1.000000
87 336.495 474.188 140.625000 367.501740 1.000000
88 370.993 484.219 210.937500 367.501740 1.000000
89 397.491 490.250 281.250000 367.501740 1.000000
90 427.989 496.125 351.562500 367.501740 1.000000
91 458.487 498.000 421.875000 367.501740 1.000000
92 488.984 500.188 492.187500 367.501740 1.000000
93 519.482 500.375 562.500000 367.501740 1.000000
94 548.727 500.750 624.601273 367.501740 1.000000
95 571.641 500.125 686.702499 367.501740 1.000000
96 598.555 497.563 748.803909 367.501740 1.000000
97 618.469 494.000 810.905090 367.501740 1.000000
98 653.383 486.282 873.006409 367.501740 1.000000
99 679.297 477.564 935.107727 367.501740 1.000000
100 698.211 469.470 997.208954 367.501740 1.000000
101 735.125 443.377 1059.310272 367.501740 1.000000
102 288.000 495.252 0.000000 441.002106 1.000000
103 316.411 519.064 70.312500 441.002106 1.000000
104 345.821 533.876 140.625000 441.002106 1.000000
105 379.232 546.438 210.937500 441.002106 1.000000
106 404.642 553.001 281.250000 441.002106 1.000000
107 434.053 559.126 351.562500 441.002106 1.000000
108 463.464 563.251 421.875000 441.002106 1.000000
109 492.874 565.251 492.187500 441.002106 1.000000
110 522.285 565.251 562.500000 441.002106 1.000000
111 553.734 565.626 624.601273 441.002106 1.000000
112 576.594 563.001 686.702499 441.002106 1.000000
113 599.453 559.751 748.803909 441.002106 1.000000
114 619.313 555.501 810.905090 441.002106 1.000000
115 646.172 548.813 873.006409 441.002106 1.000000
116 677.031 538.126 935.107727 441.002106 1.000000
117 695.891 528.689 997.208954 441.002106 1.000000
118 732.750 501.252 1059.310272 441.002106 1.000000
119 317.000 555.627 0.000000 514.502426 1.000000
120 338.717 573.596 70.312500 514.502426 1.000000
121 363.435 587.564 140.625000 514.502426 1.000000
122 394.152 600.158 210.937500 514.502426 1.000000
123 416.870 606.751 281.250000 514.502426 1.000000
124 443.587 611.626 351.562500 514.502426 1.000000
125 470.304 615.501 421.875000 514.502426 1.000000
126 497.022 617.313 492.187500 514.502426 1.000000
127 523.739 617.126 562.500000 514.502426 1.000000
128 550.398 617.501 624.601273 514.502426 1.000000
129 573.109 614.876 686.702499 514.502426 1.000000
130 593.820 611.438 748.803909 514.502426 1.000000
131 618.531 606.001 810.905090 514.502426 1.000000
132 643.242 598.345 873.006409 514.502426 1.000000
133 665.953 589.689 935.107727 514.502426 1.000000
134 682.664 580.908 997.208954 514.502426 1.000000
135 714.375 558.127 1059.310272 514.502426 1.000000
136 353.000 595.003 0.000000 588.002792 1.000000
137 373.563 611.128 70.312500 588.002792 1.000000
138 395.125 624.252 140.625000 588.002792 1.000000
139 416.688 637.377 210.937500 588.002792 1.000000
140 438.250 645.502 281.250000 588.002792 1.000000
141 459.813 651.627 351.562500 588.002792 1.000000
142 481.375 655.752 421.875000 588.002792 1.000000
143 502.938 657.877 492.187500 588.002792 1.000000
144 524.500 660.002 562.500000 588.002792 1.000000
145 549.188 656.877 624.601273 588.002792 1.000000
146 566.875 654.752 686.702499 588.002792 1.000000
147 587.563 648.627 748.803909 588.002792 1.000000
148 608.250 641.502 810.905090 588.002792 1.000000
149 629.938 631.377 873.006409 588.002792 1.000000
150 652.625 618.252 935.107727 588.002792 1.000000
151 672.313 603.127 997.208954 588.002792 1.000000
152 687.000 590.003 1047.309906 588.002792 1.000000
TRIANGLES=256
0 0 17 18
1 1 0 18
2 1 18 19
3 2 1 19
4 2 19 20
5 3 2 20
6 3 20 21
7 4 3 21
8 4 21 22
9 5 4 22
10 5 22 23
11 6 5 23
12 6 23 24
13 7 6 24
14 7 24 25
15 8 7 25
16 8 25 26
17 9 8 26
18 9 26 27
19 10 9 27
20 10 27 28
21 11 10 28
22 11 28 29
23 12 11 29
24 12 29 30
25 13 12 30
26 13 30 31
27 14 13 31
28 14 31 32
29 15 14 32
30 15 32 33
31 16 15 33
32 17 34 35
33 18 17 35
34 18 35 36
35 19 18 36
36 19 36 37
37 20 19 37
38 20 37 38
39 21 20 38
40 21 38 39
41 22 21 39
42 22 39 40
43 23 22 40
44 23 40 41
45 24 23 41
46 24 41 42
47 25 24 42
48 25 42 43
49 26 25 43
50 26 43 44
51 27 26 44
52 27 44 45
53 28 27 45
54 28 45 46
55 29 28 46
56 29 46 47
57 30 29 47
58 30 47 48
59 31 30 48
60 31 48 49
61 32 31 49
62 32 49 50
63 33 32 50
64 34 51 52
65 35 34 52
66 35 52 53
67 36 35 53
68 36 53 54
69 37 36 54
70 37 54 55
71 38 37 55
72 38 55 56
73 39 38 56
74 39 56 57
75 40 39 57
76 40 57 58
77 41 40 58
78 41 58 59
79 42 41 59
80 42 59 60
81 43 42 60
82 43 60 61
83 44 43 61
84 44 61 62
85 45 44 62
86 45 62 63
87 46 45 63
88 46 63 64
89 47 46 64
90 47 64 65
91 48 47 65
92 48 65 66
93 49 48 66
94 49 66 67
95 50 49 67
96 51 68 69
97 52 51 69
98 52 69 70
99 53 52 70
100 53 70 71
101 54 53 71
102 54 71 72
103 55 54 72
104 55 72 73
105 56 55 73
106 56 73 74
107 57 56 74
108 57 74 75
109 58 57 75
110 58 75 76
111 59 58 76
112 59 76 77
113 60 59 77
114 60 77 78
115 61 60 78
116 61 78 79
117 62 61 79
118 62 79 80
119 63 62 80
120 63 80 81
121 64 63 81
122 64 81 82
123 65 64 82
124 65 82 83
125 66 65 83
126 66 83 84
127 67 66 84
128 68 85 86
129 69 68 86
130 69 86 87
131 70 69 87
132 70 87 88
133 71 70 88
134 71 88 89
135 72 71 89
136 72 89 90
137 73 72 90
138 73 90 91
139 74 73 91
140 74 91 92
141 75 74 92
142 75 92 93
143 76 75 93
144 76 93 94
145 77 76 94
146 77 94 95
147 78 77 95
148 78 95 96
149 79 78 96
150 79 96 97
151 80 79 97
152 80 97 98
153 81 80 98
154 81 98 99
155 82 81 99
156 82 99 100
157 83 82 100
158 83 100 101
159 84 83 101
160 85 102 103
161 86 85 103
162 86 103 104
163 87 86 104
164 87 104 105
165 88 87 105
166 88 105 106
167 89 88 106
168 89 106 107
169 90 89 107
170 90 107 108
171 91 90 108
172 91 108 109
173 92 91 109
174 92 109 110
175 93 92 110
176 93 110 111
177 94 93 111
178 94 111 112
179 95 94 112
180 95 112 113
181 96 95 113
182 96 113 114
183 97 96 114
184 97 114 115
185 98 97 115
186 98 115 116
187 99 98 116
188 99 116 117
189 100 99 117
190 100 117 118
191 101 100 118
192 102 119 120
193 103 102 120
194 103 120 121
195 104 103 121
196 104 121 122
197 105 104 122
198 105 122 123
199 106 105 123
200 106 123 124
201 107 106 124
202 107 124 125
203 108 107 125
204 108 125 126
205 109 108 126
206 109 126 127
207 110 109 127
208 110 127 128
209 111 110 128
210 111 128 129
211 112 111 129
212 112 129 130
213 113 112 130
214 113 130 131
215 114 113 131
216 114 131 132
217 115 114 132
218 115 132 133
219 116 115 133
220 116 133 134
221 117 116 134
222 117 134 135
223 118 117 135
224 119 136 137
225 120 119 137
226 120 137 138
227 121 120 138
228 121 138 139
229 122 121 139
230 122 139 140
231 123 122 140
232 123 140 141
233 124 123 141
234 124 141 142
235 125 124 142
236 125 142 143
237 126 125 143
238 126 143 144
239 127 126 144
240 127 144 145
241 128 127 145
242 128 145 146
243 129 128 146
244 129 146 147
245 130 129 147
246 130 147 148
247 131 130 148
248 131 148 149
249 132 131 149
250 132 149 150
251 133 132 150
252 133 150 151
253 134 133 151
254 134 151 152
255 135 134 152
